[0, 0.05> 1 0.0
[0.05, 0.15> 1 0.0314208792462
[0.15, 0.3> 1 0.0733153849079
[0.3, 0.45> 1 0.125683516985
[0.45, 0.55> 1 0.157104396231
[0.55, 0.65> 1 0.178051649062
[0.65, 0.75> 1 0.188525275477
[0.75, 0.9> 1 0.209472528308
[0.9, 1.1> 1 0.240893407554
[1.1, 1.3> 1 0.261840660385
[1.3, 1.4> 1 0.272314286801
[1.4, 1.6> 1 0.293261539631
[1.6, 1.9> 1 0.314208792462
[1.9, 2.1> 1 0.335156045293
[2.1, 2.3> 1 0.366576924539
[2.3, 2.4> 1 0.397997803786
[2.4, 2.6> 1 0.429418683032
[2.6, 2.8> 1 0.460839562278
[2.8, 2.9> 1 0.492260441524
[2.9, 3.1> 1 0.523681320771
[3.1, 3.3> 1 0.576049452848
[3.3, 3.4> 1 0.607470332094
[3.4, 3.6> 1 0.649364837755
[3.6, 3.8> 1 0.701732969832
[3.8, 3.9> 1 0.743627475494
[3.9, 4.1> 1 0.785521981156
[4.1, 4.3> 1 0.848363739648
[4.3, 4.4> 1 0.900731871725
[4.4, 4.6> 1 0.953100003802
[4.6, 4.8> 1 0.984520883049
[4.8, 4.9> 1 1
[4.9, > 1 1
[0, 0.05> 3 0.0
[0.05, 0.15> 3 0.0159375801118
[0.15, 0.3> 3 0.0314208792462
[0.3, 0.45> 3 0.0523681320771
[0.45, 0.55> 3 0.0733153849079
[0.55, 0.65> 3 0.0837890113233
[0.65, 0.75> 3 0.0942626377387
[0.75, 0.9> 3 0.11520989057
[0.9, 1.1> 3 0.1361571434
[1.1, 1.3> 3 0.157104396231
[1.3, 1.4> 3 0.167578022647
[1.4, 1.6> 3 0.178051649062
[1.6, 1.9> 3 0.198998901893
[1.9, 2.1> 3 0.219946154724
[2.1, 2.3> 3 0.230419781139
[2.3, 2.4> 3 0.25136703397
[2.4, 2.6> 3 0.261840660385
[2.6, 2.8> 3 0.272314286801
[2.8, 2.9> 3 0.282787913216
[2.9, 3.1> 3 0.293261539631
[3.1, 3.3> 3 0.366576924539
[3.3, 3.4> 3 0.429418683032
[3.4, 3.6> 3 0.481786815109
[3.6, 3.8> 3 0.555102200017
[3.8, 3.9> 3 0.617943958509
[3.9, 4.1> 3 0.670312090586
[4.1, 4.3> 3 0.743627475494
[4.3, 4.4> 3 0.806469233987
[4.4, 4.6> 3 0.858837366064
[4.6, 4.8> 3 0.942626377387
[4.8, 4.9> 3 0.994994509464
[4.9, > 3 1
[0, 0.05> 4 0.0
[0.05, 0.15> 4 0.0209472528308
[0.15, 0.3> 4 0.0418945056616
[0.3, 0.45> 4 0.0628417584925
[0.45, 0.55> 4 0.0837890113233
[0.55, 0.65> 4 0.0942626377387
[0.65, 0.75> 4 0.104736264154
[0.75, 0.9> 4 0.125683516985
[0.9, 1.1> 4 0.146630769816
[1.1, 1.3> 4 0.167578022647
[1.3, 1.4> 4 0.178051649062
[1.4, 1.6> 4 0.198998901893
[1.6, 1.9> 4 0.219946154724
[1.9, 2.1> 4 0.240893407554
[2.1, 2.3> 4 0.261840660385
[2.3, 2.4> 4 0.272314286801
[2.4, 2.6> 4 0.282787913216
[2.6, 2.8> 4 0.303735166047
[2.8, 2.9> 4 0.314208792462
[2.9, 3.1> 4 0.324682418878
[3.1, 3.3> 4 0.397997803786
[3.3, 3.4> 4 0.450365935863
[3.4, 3.6> 4 0.50273406794
[3.6, 3.8> 4 0.576049452848
[3.8, 3.9> 4 0.628417584925
[3.9, 4.1> 4 0.680785717002
[4.1, 4.3> 4 0.75410110191
[4.3, 4.4> 4 0.816942860402
[4.4, 4.6> 4 0.869310992479
[4.6, 4.8> 4 0.932152750971
[4.8, 4.9> 4 0.984520883049
[4.9, > 4 1
[0, 0.05> 5 0.0
[0.05, 0.15> 5 0.0523681320771
[0.15, 0.3> 5 0.125683516985
[0.3, 0.45> 5 0.198998901893
[0.45, 0.55> 5 0.272314286801
[0.55, 0.65> 5 0.293261539631
[0.65, 0.75> 5 0.314208792462
[0.75, 0.9> 5 0.356103298124
[0.9, 1.1> 5 0.397997803786
[1.1, 1.3> 5 0.429418683032
[1.3, 1.4> 5 0.460839562278
[1.4, 1.6> 5 0.492260441524
[1.6, 1.9> 5 0.534154947186
[1.9, 2.1> 5 0.586523079263
[2.1, 2.3> 5 0.607470332094
[2.3, 2.4> 5 0.628417584925
[2.4, 2.6> 5 0.649364837755
[2.6, 2.8> 5 0.680785717002
[2.8, 2.9> 5 0.691259343417
[2.9, 3.1> 5 0.712206596248
[3.1, 3.3> 5 0.75410110191
[3.3, 3.4> 5 0.77504835474
[3.4, 3.6> 5 0.806469233987
[3.6, 3.8> 5 0.837890113233
[3.8, 3.9> 5 0.858837366064
[3.9, 4.1> 5 0.89025824531
[4.1, 4.3> 5 0.921679124556
[4.3, 4.4> 5 0.942626377387
[4.4, 4.6> 5 0.974047256633
[4.6, 4.8> 5 1
[4.8, 4.9> 5 1
[4.9, > 5 1
[0, 0.05> 6 0.0
[0.05, 0.15> 6 0.0418945056616
[0.15, 0.3> 6 0.0942626377387
[0.3, 0.45> 6 0.157104396231
[0.45, 0.55> 6 0.209472528308
[0.55, 0.65> 6 0.219946154724
[0.65, 0.75> 6 0.240893407554
[0.75, 0.9> 6 0.261840660385
[0.9, 1.1> 6 0.293261539631
[1.1, 1.3> 6 0.324682418878
[1.3, 1.4> 6 0.345629671709
[1.4, 1.6> 6 0.366576924539
[1.6, 1.9> 6 0.397997803786
[1.9, 2.1> 6 0.429418683032
[2.1, 2.3> 6 0.450365935863
[2.3, 2.4> 6 0.460839562278
[2.4, 2.6> 6 0.481786815109
[2.6, 2.8> 6 0.492260441524
[2.8, 2.9> 6 0.513207694355
[2.9, 3.1> 6 0.523681320771
[3.1, 3.3> 6 0.576049452848
[3.3, 3.4> 6 0.617943958509
[3.4, 3.6> 6 0.659838464171
[3.6, 3.8> 6 0.712206596248
[3.8, 3.9> 6 0.75410110191
[3.9, 4.1> 6 0.785521981156
[4.1, 4.3> 6 0.837890113233
[4.3, 4.4> 6 0.879784618894
[4.4, 4.6> 6 0.921679124556
[4.6, 4.8> 6 0.963573630218
[4.8, 4.9> 6 0.984520883049
[4.9, > 6 1
[0, 0.05> 2 0.0
[0.05, 0.15> 2 0.104736264154
[0.15, 0.3> 2 0.240893407554
[0.3, 0.45> 2 0.397997803786
[0.45, 0.55> 2 0.523681320771
[0.55, 0.65> 2 0.555102200017
[0.65, 0.75> 2 0.586523079263
[0.75, 0.9> 2 0.617943958509
[0.9, 1.1> 2 0.670312090586
[1.1, 1.3> 2 0.722680222663
[1.3, 1.4> 2 0.75410110191
[1.4, 1.6> 2 0.795995607571
[1.6, 1.9> 2 0.858837366064
[1.9, 2.1> 2 0.921679124556
[2.1, 2.3> 2 0.942626377387
[2.3, 2.4> 2 0.953100003802
[2.4, 2.6> 2 0.974047256633
[2.6, 2.8> 2 0.984520883049
[2.8, 2.9> 2 0.994994509464
[2.9, 3.1> 2 1
[3.1, 3.3> 2 1
[3.3, 3.4> 2 1
[3.4, 3.6> 2 1
[3.6, 3.8> 2 1
[3.8, 3.9> 2 1
[3.9, 4.1> 2 1
[4.1, 4.3> 2 1
[4.3, 4.4> 2 1
[4.4, 4.6> 2 1
[4.6, 4.8> 2 1
[4.8, 4.9> 2 1
[4.9, > 2 1
[0, 0.05> 7 0.0
[0.05, 0.15> 7 0.0628417584925
[0.15, 0.3> 7 0.1361571434
[0.3, 0.45> 7 0.230419781139
[0.45, 0.55> 7 0.303735166047
[0.55, 0.65> 7 0.324682418878
[0.65, 0.75> 7 0.345629671709
[0.75, 0.9> 7 0.377050550955
[0.9, 1.1> 7 0.408471430201
[1.1, 1.3> 7 0.439892309447
[1.3, 1.4> 7 0.460839562278
[1.4, 1.6> 7 0.492260441524
[1.6, 1.9> 7 0.523681320771
[1.9, 2.1> 7 0.565575826432
[2.1, 2.3> 7 0.596996705678
[2.3, 2.4> 7 0.607470332094
[2.4, 2.6> 7 0.628417584925
[2.6, 2.8> 7 0.649364837755
[2.8, 2.9> 7 0.670312090586
[2.9, 3.1> 7 0.691259343417
[3.1, 3.3> 7 0.733153849079
[3.3, 3.4> 7 0.75410110191
[3.4, 3.6> 7 0.785521981156
[3.6, 3.8> 7 0.827416486817
[3.8, 3.9> 7 0.848363739648
[3.9, 4.1> 7 0.879784618894
[4.1, 4.3> 7 0.921679124556
[4.3, 4.4> 7 0.953100003802
[4.4, 4.6> 7 0.984520883049
[4.6, 4.8> 7 0.994994509464
[4.8, 4.9> 7 1
[4.9, > 7 1
[0, 0.05> 8 0.0
[0.05, 0.15> 8 0.0314208792462
[0.15, 0.3> 8 0.0628417584925
[0.3, 0.45> 8 0.104736264154
[0.45, 0.55> 8 0.146630769816
[0.55, 0.65> 8 0.157104396231
[0.65, 0.75> 8 0.167578022647
[0.75, 0.9> 8 0.188525275477
[0.9, 1.1> 8 0.209472528308
[1.1, 1.3> 8 0.219946154724
[1.3, 1.4> 8 0.230419781139
[1.4, 1.6> 8 0.25136703397
[1.6, 1.9> 8 0.261840660385
[1.9, 2.1> 8 0.282787913216
[2.1, 2.3> 8 0.314208792462
[2.3, 2.4> 8 0.345629671709
[2.4, 2.6> 8 0.366576924539
[2.6, 2.8> 8 0.408471430201
[2.8, 2.9> 8 0.439892309447
[2.9, 3.1> 8 0.460839562278
[3.1, 3.3> 8 0.523681320771
[3.3, 3.4> 8 0.565575826432
[3.4, 3.6> 8 0.607470332094
[3.6, 3.8> 8 0.670312090586
[3.8, 3.9> 8 0.712206596248
[3.9, 4.1> 8 0.75410110191
[4.1, 4.3> 8 0.837890113233
[4.3, 4.4> 8 0.89025824531
[4.4, 4.6> 8 0.953100003802
[4.6, 4.8> 8 0.984520883049
[4.8, 4.9> 8 1
[4.9, > 8 1
[0, 3> 9 0.0
[3, 3.05> 9 0.0
[3.05, 3.15> 9 0.0314208792462
[3.15, 3.3> 9 0.0733153849079
[3.3, 3.45> 9 0.125683516985
[3.45, 3.55> 9 0.157104396231
[3.55, 3.65> 9 0.178051649062
[3.65, 3.75> 9 0.188525275477
[3.75, 3.9> 9 0.209472528308
[3.9, 4.1> 9 0.240893407554
[4.1, 4.3> 9 0.261840660385
[4.3, 4.4> 9 0.272314286801
[4.4, 4.6> 9 0.293261539631
[4.6, 4.9> 9 0.314208792462
[4.9, 5.1> 9 0.335156045293
[5.1, 5.3> 9 0.366576924539
[5.3, 5.4> 9 0.397997803786
[5.4, 5.6> 9 0.429418683032
[5.6, 5.8> 9 0.460839562278
[5.8, 5.9> 9 0.492260441524
[5.9, 6.1> 9 0.523681320771
[6.1, 6.3> 9 0.576049452848
[6.3, 6.4> 9 0.607470332094
[6.4, 6.6> 9 0.649364837755
[6.6, 6.8> 9 0.701732969832
[6.8, 6.9> 9 0.743627475494
[6.9, 7.1> 9 0.785521981156
[7.1, 7.3> 9 0.848363739648
[7.3, 7.4> 9 0.900731871725
[7.4, 7.6> 9 0.953100003802
[7.6, 7.8> 9 0.984520883049
[7.8, 7.9> 9 1
[7.9, > 9 1
[0, 0.05> 10 0.0
[0.05, 0.15> 10 0.00314208792462
[0.15, 0.3> 10 0.00733153849079
[0.3, 0.45> 10 0.0125683516985
[0.45, 0.55> 10 0.0157104396231
[0.55, 0.65> 10 0.0178051649062
[0.65, 0.75> 10 0.0188525275477
[0.75, 0.9> 10 0.0209472528308
[0.9, 1.1> 10 0.0240893407554
[1.1, 1.3> 10 0.0261840660385
[1.3, 1.4> 10 0.0272314286801
[1.4, 1.6> 10 0.0293261539631
[1.6, 1.9> 10 0.0314208792462
[1.9, 2.1> 10 0.0335156045293
[2.1, 2.3> 10 0.0366576924539
[2.3, 2.4> 10 0.0397997803786
[2.4, 2.6> 10 0.0429418683032
[2.6, 2.8> 10 0.0460839562278
[2.8, 2.9> 10 0.0492260441524
[2.9, 3.1> 10 0.0523681320771
[3.1, 3.3> 10 0.0576049452848
[3.3, 3.4> 10 0.0607470332094
[3.4, 3.6> 10 0.0649364837755
[3.6, 3.8> 10 0.0701732969832
[3.8, 3.9> 10 0.0743627475494
[3.9, 4.1> 10 0.0785521981156
[4.1, 4.3> 10 0.0848363739648
[4.3, 4.4> 10 0.0900731871725
[4.4, 4.6> 10 0.0953100003802
[4.6, 4.8> 10 0.0984520883049
[4.8, 4.9> 10 0.100546813588
[4.9, > 10 0.104736264154
