1 14497.022343407 14642.7958027723 14572.6077901779 14549.5655483756 14477.7991146108 14600.5095962429 14563.8623553216 14597.9368876695 14458.4892094107 14599.9710226224 14497.5768266371 14645.8430221715 14573.0021272774 14549.0016798312 14478.2554852097 14600.4710014681 14563.2145603738 14598.1772908779 14458.4837852153 14600.0251507069 14499.477588956 14648.6763479219 14573.836503276 14549.0727903233 14478.7564828226 14600.3758107019 14562.0703670048 14598.5106782549 14458.3876767516 14600.1388664028
2 14553.3032948048 14704.2764564482 14540.7353437486 14612.4995696101 14525.1897992609 14601.2258421992 14457.5504325805 14662.1354985968 14493.7663257438 14530.4432607964 14553.8140835105 14707.8561377199 14540.3677287801 14611.7325617735 14525.6487036415 14602.2428321544 14457.3540084041 14661.9655211468 14493.3405142481 14529.8502525693 14555.6196135629 14709.0165778828 14539.9605457602 14611.3978032856 14525.6138470973 14606.0576392898 14457.7488535951 14661.5247364604 14493.3352406221 14528.358124656
3 14572.509905476 14875.0626580919 14469.2789159288 14542.9824423165 14453.9706042907 14579.1027860634 14504.8318664562 14688.5743219787 14539.2145681885 14477.8952574951 14572.0944513628 14887.8513329929 14468.355013492 14541.09287944 14454.0603123358 14581.500857669 14502.9058011863 14687.420277869 14539.2356989586 14477.2233308249 14571.3400710243 14908.0234820838 14467.0607032836 14539.4549502266 14452.6721796151 14588.4511063164 14501.6205801637 14689.5663062942 14539.5202967761 14474.2291408954
4 14513.7946894981 14900.8921960832 14396.2352349121 14601.9295025737 14511.9155502819 14551.255299829 14475.4160397116 14625.1394632417 14549.6750171067 14537.0461644473 14510.4733335211 14908.2470544261 14394.9588301267 14600.4242402762 14511.8123432824 14551.7899151202 14472.2333634061 14622.7224791062 14548.1847474765 14535.8312998034 14506.7634855508 14921.9495470703 14393.2833255619 14599.9450795981 14510.237874642 14558.2669176459 14468.0659326843 14628.2877632972 14547.0919580818 14532.2846968905
5 14496.6243880645 14958.9731990665 14415.2925072509 15194.5138325514 14557.4712686069 14609.6997838213 14497.7013218357 14698.1224909369 14483.1359742065 14459.0004084151 14490.5274676103 14968.6373352321 14412.2798153448 15217.5316434279 14560.183909379 14608.8143595037 14494.8706621716 14700.5746078146 14481.9980178297 14457.6515495568 14486.6583526569 14984.9659861233 14406.8780929571 15270.3753584642 14562.5206420242 14614.7728613221 14483.9919427911 14733.9113378898 14483.7262046947 14454.2526211049
6 14390.0765620523 14860.3451435661 14383.465886902 15148.1911868619 14566.7615571008 14677.4057747301 14430.6075343048 14723.1436676086 14410.2806787625 14425.9485018943 14397.9402143265 14870.8197789969 14380.3767531584 15167.2059441108 14572.3829387382 14677.5008154137 14426.867319381 14726.2394876361 14410.0667976977 14422.9358936324 14407.5287838856 14891.0498289458 14374.3929840125 15216.3046214604 14561.1955148768 14684.4570021475 14415.2185861197 14758.2907876908 14414.0007164389 14417.1906771055
7 14403.2946901516 14858.468173932 14360.603925737 15077.0636099838 14547.4854131188 14741.1020211592 14367.806538193 14799.2192091006 14468.2523216021 14410.8805351867 14412.8757675481 14867.6906905157 14353.9805180236 15093.093022095 14551.5807079304 14743.4921882526 14362.7813575057 14802.3629321801 14468.09480696 14405.6805149364 14420.6764498867 14893.1540409817 14345.7287966547 15137.2891125286 14545.411727315 14752.6589785856 14349.4917394879 14835.7629727729 14472.3909611554 14395.4500960683
8 14343.4600172098 14899.9371692521 14358.4864409228 14984.558734583 14470.3128436592 14731.7402485347 14314.4305343961 14868.8681780353 14393.291383163 14358.6425830131 14352.0319641152 14904.040672337 14349.3460446151 15000.6205776569 14473.465365175 14738.5069353359 14313.0482578121 14863.4653869643 14393.6106644048 14351.4774077696 14357.8868716744 14927.8590935651 14335.5683470916 15044.3997612726 14466.9043969472 14721.090744109 14307.7846200587 14885.6552730833 14402.7015130986 14337.7751214581
9 14279.4453643037 14810.2758390065 14404.2872444054 14904.9900692278 14423.9501244865 14711.3961849515 14251.6401711673 14882.5322037625 14346.5902129108 14292.3291383302 14290.5289927533 14817.0167129378 14393.8037942616 14919.3938671559 14433.3522664508 14714.8059369798 14250.1308511442 14866.0069451212 14343.3450914878 14285.8413237493 14302.5118655315 14846.4533554663 14381.1398221148 14960.1807599622 14438.0617578964 14697.102794418 14244.7341739989 14877.0005327721 14344.4400987742 14272.6172448098
10 14276.3016783461 14967.4199884852 14335.5973403229 14970.6997648774 14371.3392502425 14788.6562884698 14221.9279806228 14931.8468215953 14383.4520641177 14276.4595818109 14285.3269249949 14992.7184690475 14326.0087330744 14986.56965385 14377.3314529726 14792.5440812902 14216.1781672877 14910.8958772878 14377.0722323905 14267.8285595142 14290.3975638884 15086.503365501 14313.9305211573 15029.2533975361 14377.0902082096 14773.1935440757 14205.1609271686 14909.6537185548 14378.9485775606 14252.3071916034
11 14291.9531440234 15018.1305502983 14287.6859245963 14916.8856182535 14409.9935511818 14870.2722361721 14244.6802634515 14850.8838901213 14438.3990628091 14325.4036973896 14307.4579439063 15036.1193263962 14280.6647926889 14938.4284635131 14414.8716103789 14874.9176985463 14233.5179170371 14839.2198450734 14433.1527724339 14316.3527737326 14310.1512318282 15115.3520892226 14253.6103532803 15001.2355882052 14406.2885266796 14854.7554960885 14214.262590525 14848.5975114303 14435.9638079947 14299.88381731
12 14238.5702249152 15058.2241442336 14319.8477090058 15016.2057078585 14341.7463306387 14820.7324619984 14269.0776781216 14761.8090515908 14479.9331597897 14347.8590386531 14252.2765449556 15072.1909209934 14312.6858127782 15070.9479870865 14348.7720632379 14821.5971671914 14256.2210564825 14750.9647405176 14480.1750272857 14338.1504282212 14251.5583400563 15151.9987464154 14281.2245652028 15195.0218619063 14348.2300557118 14798.5931614223 14232.5973471689 14754.5987444064 14489.551282803 14314.5559836799
13 14194.9380338597 15040.6199157522 14278.4716782233 15003.4936886759 14390.5473959169 14731.1021438364 14216.0837436148 14756.4735551468 14543.4251318942 14345.3417084872 14204.9352377629 15049.4918623332 14267.6755782461 15076.5205914026 14395.4935856556 14731.0922351225 14201.7789967272 14740.0846711217 14544.1350614631 14332.1519704282 14201.2558257635 15116.5156692531 14233.1624082052 15275.0528227476 14388.6683072224 14705.858383478 14177.6712406011 14734.0029300382 14549.7351353263 14298.8146820305
14 14231.281346637 16023.1537109007 14217.5522177343 15470.1860148214 14368.8749249441 14643.6278330409 14235.1150766935 14669.188143428 14578.6718674563 14415.7873080038 14240.1103993794 16153.1089681315 14210.6532907085 15550.2595943413 14377.7551708622 14641.7639720136 14217.2816961353 14656.9019464972 14576.2513215078 14427.3025500705 14239.3145054719 16288.2970913595 14192.8546827809 15844.5778813933 14399.6888162779 14617.2046020272 14186.1776560906 14652.0084722688 14589.0543941739 14399.6207116025
15 14220.0143945325 16099.2557123953 14163.4730919223 15522.9267744872 14376.9803748054 14562.182482648 14192.5798126528 14688.4709731749 14542.9792838535 14398.4454504151 14226.0429432872 16218.4230144641 14160.3506248175 15597.6961362457 14378.5499816729 14558.069558989 14181.3472313815 14693.2528959991 14563.618510887 14405.3663115231 14225.3858811723 16348.0308864439 14153.4581621898 15888.9955342455 14385.5303315688 14533.3034750288 14154.2009683327 14705.227214174 14612.5778440765 14366.8738567727
16 14253.5762974744 16024.9696351662 14199.355053304 15419.8490069243 14367.3007434405 14605.3712777146 14166.3384176462 16050.9110865763 14563.0184712441 14452.8555491316 14259.0279291897 16134.9634248247 14194.5656747281 15491.276245206 14365.6334477638 14604.1904887536 14157.8741943559 16198.254224318 14594.1651834617 14459.3162843244 14252.3864444104 16248.4523233243 14188.1228453796 15776.042445409 14395.4456504626 14579.647316452 14129.3246205491 16491.2312381824 14661.9140993044 14414.9790867792
17 14275.2497694615 16047.0457488535 14215.4984017922 15331.0507975802 14417.8199552526 14672.7070077116 14125.7979800484 15963.9791328931 14634.1484907291 14471.9699553383 14276.1733564558 16147.1572153526 14207.5407786998 15396.7774658601 14416.5600517596 14671.6919530086 14123.1466104129 16123.4533906307 14666.3387890197 14476.5485479864 14262.8972188561 16250.2172552181 14203.5615785847 15668.8164964748 14450.97244109 14641.1352310012 14103.071493119 16455.2507900973 14737.692155598 14425.0214247515
18 14321.1502303658 16132.3401658095 14261.7303606757 15510.8625419106 14366.9674327627 14679.8617413449 14073.728073825 15874.7561716008 14640.7655488156 14408.2890845744 14322.5235561938 16224.2154475605 14252.8620038297 15586.3982127754 14357.5816464518 14674.3974722905 14071.1906150229 16034.1313726564 14659.458158905 14411.1733008591 14305.7088271182 16322.9096620626 14246.8657550888 15936.4737263854 14382.9666530706 14638.4251857758 14053.8139944915 16359.5081908072 14708.7836473083 14359.0179181313
19 14286.29335612 16120.2043671377 14300.8148036874 15561.0302032317 14412.9427601063 14593.0308191134 14111.264219992 15873.6243220679 14554.1375548976 14456.7536497077 14280.1246705137 16200.3746504972 14293.8653952269 15624.0621245102 14410.7006678538 14590.7511064506 14108.7995489588 16075.7519211146 14571.1039425545 14461.6390803835 14252.0897230034 16284.1826115108 14284.5075931413 15949.7002901778 14439.056244501 14563.1733237629 14090.6114710238 16491.6400112586 14617.8963256745 14409.6037512482
20 14230.7281564532 16211.7953516626 14242.0347112512 15463.981528276 14444.1444732237 14661.0025375153 14102.5942257441 17171.6952295267 14664.6660917046 14436.3774379486 14229.4810328139 16293.8179345488 14234.5299305713 15523.7693200715 14434.8222629699 14659.119101965 14100.9411195791 17530.8911149653 14716.9922764025 14433.6521642563 14210.540686009 16378.4904415187 14222.1557769113 15838.7667574636 14454.8055522911 14628.3000056545 14061.6314455602 18176.4413519235 14902.3373933061 14373.2897694191
21 14176.6660025858 16302.2588129794 14195.5666308322 15388.1435903236 14376.5388685055 14611.057572631 14051.2801384808 17247.8928067691 14652.804808259 14412.7976313222 14173.1100007331 16393.9591578769 14195.8374592302 15439.1166110706 14365.0044370273 14600.2789986023 14050.1519598634 17615.3684880604 14727.6201275204 14403.0840334953 14153.9134577137 16482.465078405 14205.2615941343 15739.0825385221 14382.3497620377 14567.9206306502 14013.1703545991 18258.5394985003 14925.6458085272 14333.5472716877
22 14121.610124423 16413.6678690708 15119.8849228496 15316.2272719106 14415.969735375 14675.7718556472 14070.7481621791 17124.1457279799 14585.1156435837 14349.021284331 14118.7166832679 16505.4412365844 15282.3910832159 15378.0827742105 14412.1008745522 14659.9039460128 14056.9616717442 17485.0327424081 14655.5981640517 14338.7849578233 14101.5483881395 16586.8757518815 15812.2809669302 15702.3251491845 14436.0373579319 14619.8472897692 14001.2138353333 18127.446506598 14835.7320303198 14271.1664521345
23 14084.0938923409 16415.7111116084 15052.3633885307 15272.338758766 14347.1513913011 14590.1143196478 14097.4847615733 17173.7810342184 14526.6617250915 14313.3726065988 14076.5284125462 16502.4265332949 15208.1054360717 15331.6387032002 14348.8353715285 14572.9393088338 14088.3660965339 17523.3301976348 14591.3827386229 14299.1410302464 14053.6492162533 16558.2104199847 15738.5102582756 15671.1023147938 14386.1713515717 14536.8142401057 14034.8439105591 18143.3089972375 14757.8647227019 14227.6216205666
24 14033.9104940263 16435.445348836 14988.9196034723 15311.634420424 14281.1749895571 14587.6732720541 14080.3771436088 17270.2118268409 14584.7246969359 14318.4142589226 14027.3862470778 16553.1170345325 15140.334464978 15363.1211078554 14281.1122334068 14549.9746856484 14063.4550524636 17630.4238840843 14657.6053788737 14300.32906614 14016.4793495701 16639.7095711325 15665.2402111856 15691.4895663554 14318.1447986179 14488.8376357095 14012.2936109075 18254.5620186247 14833.7289422521 14226.3438781065
25 13992.2436374707 16551.9096843581 15042.6611092203 15348.398515996 14231.5297664196 14518.7952453173 14078.5287712022 17375.081406471 16450.9505552096 14311.4599403591 13984.2915806096 16674.7669665818 15190.8335503879 15388.3240814424 14225.1177736914 14479.8860484528 14055.3512728847 17731.8767662903 16775.7924262206 14284.480964523 13969.8679605185 16756.8161579092 15719.286239659 15693.4943485423 14256.3679764043 14417.3910658299 14009.9548467213 18374.36020775 17446.9677305684 14213.1241154484
26 13946.8007161321 16581.8538016646 15089.1014017416 15280.3784219105 14214.4052941615 14529.4490241333 14081.3325571441 17381.4921821734 16464.7443809337 14256.5951516704 13939.7449915344 16683.4123865537 15243.4136757901 15321.5741558778 14194.9994799433 14480.3169667635 14063.3291030416 17718.8432191043 16774.6043684199 14237.4441302888 13931.9562932017 16765.1914693784 15778.1343447235 15653.928888645 14213.5535019812 14408.785356674 14007.477933322 18314.3597230696 17506.6606912679 14195.1236599781
27 13972.9242595843 16558.3378086028 15092.0567972506 15351.2883604172 14174.5577154355 14538.8294844841 14049.3167603445 17497.0631739262 16535.7997404855 14198.6717262385 13963.0073614916 16630.5906743497 15223.1354939436 15389.4734639856 14162.8609340116 14473.5993652413 14031.3310132586 17836.875237426 16852.1115678688 14180.8131883914 13947.1851009814 16675.2104077374 15730.9183177787 15723.7593164469 14174.9800710167 14402.6705123598 13970.5968843264 18436.7669555452 17597.3082935072 14157.5651998749
28 13931.2265691807 16452.6173124421 15147.2809861825 15264.2460378422 14125.2366587207 14543.8163824138 14072.1443903981 17459.0976846744 16484.4583340543 14241.3889123606 13922.11082016 16508.8216292908 15273.3403291942 15299.7933715 14112.4387682332 14456.7216832894 14048.6274586283 17771.1636198126 16830.2480185756 14222.6429345053 13904.0240623199 16542.2395673745 15763.7111348006 15628.3495065742 14119.2091793897 14364.9136786268 13974.5392993331 18342.7951668363 17538.1412899052 14199.1552752928
29 13922.3367088965 16605.435276165 15106.9273823134 15333.4243447725 14149.0348047893 14466.1384528764 14078.0145378733 17575.5988722071 16422.3048059267 14230.6195597028 13921.7199766076 16722.3127771661 15224.6378710527 15370.7235683042 14132.8869148007 14383.940665967 14048.5086088133 17887.2268094258 16741.7000543536 14196.5239431618 13889.7326743597 16868.9557373957 15727.256764645 15708.136652012 14162.4702657784 14298.8644306878 13964.447215856 18464.2163254137 17418.5599586429 14156.1014578148
30 13889.7280939404 16599.2834083823 15062.2844101856 15735.3780504689 14146.710575743 14392.7177890345 14117.6179126143 17429.4179521932 16412.5993759832 14203.3746839165 13887.0337784225 16776.0140810255 15206.3283944633 15925.46542981 14132.4954419895 14315.3808416597 14086.3093573342 17751.9664976091 16720.1706577828 14167.6596221953 13859.835999709 16973.6554302061 15755.8226750342 16637.7218648023 14119.0136853053 14244.9068476506 13996.4582380615 18265.1212210676 17487.0619193474 14129.3008274585
31 13871.4725998254 16616.7513239288 14989.7561716792 15635.8184485943 14187.7732094324 14499.0127244198 14086.6115406644 17302.7300304081 16446.6582118846 14149.467065489 13862.2912302232 16770.9625096555 15135.0311927379 15826.9492224918 14167.2884666767 14475.2001734377 14040.9501939425 17617.8939565131 16758.5803665495 14117.2950107269 13832.7129807897 16952.993706723 15689.1751266417 16534.5864117005 14143.3613772247 14594.3765701347 13952.1001003712 18151.177098259 17536.8699327967 14087.0604005283
32 13833.5341937466 16478.3978077053 14950.1548328155 15602.0203260884 14130.0194231168 14553.7948244871 14118.2848458907 17177.3144352745 16523.1007958566 14098.488182988 13827.6711681442 16647.2647186983 15098.3510860826 15781.0953768851 14113.3690077807 14519.5033046164 14061.8170513213 17493.6397651314 16909.7329318999 14066.3236363502 13818.8051019386 16869.7271982142 15742.1038601016 16443.8204821409 14090.2426518885 14619.5007710836 13960.6049443316 18044.1028835132 17676.5572673217 14040.9845578855
33 13795.4833402422 16349.0557293285 14947.9061494784 15510.3335576992 14173.2260586228 14482.9383460292 14112.1249733415 17125.4408588124 16558.0331561728 14057.9624717338 13790.8635648485 16537.4182393177 15093.0378823645 15708.9904244323 14157.0965731731 14448.5105787478 14047.7442985549 17423.949342603 16934.8213943381 14036.173842039 13792.719839435 16815.9844987999 15711.6285221623 16435.9944503921 14128.7500028033 14547.0917457488 13960.7719764008 17960.3337672668 17679.9992406718 14010.5927767635
34 13771.6912518961 16415.7065406548 14889.6329087853 15463.9323526214 14126.8463931342 14519.0207788464 14141.7082888925 17213.7423091424 16629.4050566432 14043.1919508056 13761.1827967657 16576.5626514111 15044.9636909604 15648.7302266393 14107.8275071757 14491.4234368211 14069.3643430474 17518.4441748685 16991.8439451302 14016.6444009933 13760.8887188855 16828.7016320734 15660.8541234893 16341.0514500019 14074.383752424 14596.0433564474 13974.7661958044 18056.902066684 17711.5008069101 13975.3948131524
35 13789.954073853 16342.5558875648 14839.4799063255 15476.6654435143 14168.2279393175 14503.5491737647 14113.5436526707 17112.4406352493 16528.968092889 14076.3209160955 13789.3907679306 16491.8689398648 14990.512303261 15635.0025921927 14149.5609577651 14493.2134569067 14038.6777359862 17405.0999905044 16878.2929974589 14070.1542717967 13849.3578718944 16717.3655221155 15594.533949301 16313.9733440008 14115.7018892594 14667.8897908581 13939.2855620842 17966.4470082865 17585.9256331754 14108.7388223484
36 13812.030131385 16450.9305032664 14778.4746694555 15538.3281296869 14209.248376748 14565.3994442825 14211.253451584 17079.1469739193 16448.8835436874 14031.9740998523 13807.7874261421 16602.3046126582 14938.3103532919 15693.330969214 14187.0209855005 14547.3974537356 14186.2272819938 17362.6895035836 16782.1758835813 14024.4576147216 13862.5750186241 16832.2121446054 15574.8274044101 16370.4106758713 14140.691618777 14729.2147088856 14223.7650137028 17881.3919280337 17463.105763125 14060.5524095932
37 15570.9234209467 16320.1334550689 14825.7124178026 15451.822935277 14258.8610678639 14536.0559627578 14245.3241208114 16966.6967640916 16434.7983777501 13991.6991835152 15766.3706317574 16473.0340708686 14979.5301858569 15610.9556109957 14233.3403694512 14507.7070957647 14215.2001371615 17250.3207630531 16748.9929685264 13980.5656878334 16477.1173682933 16727.7605897133 15605.5803081707 16329.2855676748 14175.2879505628 14670.2445575535 14237.9746357095 17780.9921108632 17402.1720746183 14015.6419426338
38 15529.18595493 16408.1102632988 14786.0221718281 15410.8350395768 14263.490295147 14513.5372589405 14291.263686757 17051.9521792698 16514.6535228811 13961.7060661592 15737.4990891547 16582.0918437943 14943.1827340786 15559.2306767423 14227.3677876093 14467.7271524546 14258.0916966826 17343.5088805673 16837.4238755692 13945.3203767695 16483.2229031228 16820.9861460786 15554.4890986605 16258.4413775618 14182.3655373594 14615.4678939528 14276.99594469 17867.590253925 17496.439487629 13973.6595435099
39 15489.073867038 16346.7618078295 14817.1568037534 15331.2576865344 14217.9925296975 14484.7310135278 14257.9280244339 17004.7404145821 16525.88155383 13957.878075783 15696.3524168994 16558.7894434838 14966.9643102387 15486.3459026597 14174.2677608438 14432.0665761648 14223.1125443203 17266.9640788685 16896.7027460717 13931.2816528552 16437.9635336263 16848.4469213029 15537.7863122349 16212.5029919507 14128.7954375637 14561.2121224119 14241.9491476607 17761.1458450724 17703.4276534189 13943.5615108934
40 15505.3769313903 16219.4610511064 14816.0493232454 15300.3083044955 14169.3097744889 14421.8019779516 14199.850263438 16991.9165131764 16529.3308653732 13944.5646592626 15700.6849668664 16430.332796373 14947.8877693587 15449.6445632331 14121.4210129636 14369.30138174 14170.7970807596 17239.9617482037 16843.2272038819 13914.3784343763 16448.1015284779 16744.3433189837 15489.814825026 16146.2042712333 14074.0156935416 14492.8970083448 14206.6114647992 17689.4354004598 17589.7091485337 13917.3029254169
41 15530.9448098222 16097.250529365 14756.0013579775 15311.3024563086 14169.8611136795 14420.9533979889 14146.5166531553 16940.371079538 16576.8976785206 13976.4434012005 15719.911684121 16308.8615749445 14890.2453191222 15441.1071846712 14123.7545055124 14357.2863824883 14126.8536473838 17167.8089181 16865.2837765042 13943.8083383274 16462.2078745174 16616.0148213007 15471.0383523914 16100.0194031717 14069.7007560368 14460.5251437847 14173.5680015244 17590.576940247 17615.2591070105 13936.6754906448
42 15504.4481762902 16097.539018567 14771.2716403413 15246.4458844875 14166.3687030531 14442.7185505519 14135.1141336232 16971.5611400026 16863.2219779438 14010.334134513 15703.2121784507 16286.872997803 14880.1568776981 15368.4903987541 14119.0717211456 14382.2564457911 14108.4332290839 17175.0768147339 17235.3105159348 13972.6398557916 16493.1744397345 16577.2550587106 15436.3343865377 16015.3663033491 14016.7305487831 14510.878886809 14172.7433312643 17548.3163513185 17590.6991004552 13952.6404906538
43 15457.5930309372 16105.0038849036 14739.9470424962 15302.6162881344 14119.2659533553 14393.8935514445 14120.3508879496 17062.4021469748 16768.4627714167 14032.9877297755 15658.1108360068 16261.7587981785 14860.0752557327 15429.9857635367 14069.8004981008 14328.810068342 14139.1963888668 17261.5693273537 17147.0892407207 13986.751573551 16458.9543828424 16509.091747002 15490.8555588772 16082.1325391171 13976.7434945446 14444.5626038625 14319.6567195585 17594.6404425705 17565.9293827632 13959.4499869176
44 15675.448823093 16168.1311958744 14693.7839670722 15272.8404907864 14156.9961307552 14342.6549430732 14428.2192561748 17011.7071071882 16867.1181490479 14034.2875501546 15987.5085212758 16300.2847977459 14809.7465820393 15386.9341595885 14107.2064433836 14272.9115704608 14605.5358711915 17176.3370546297 17245.0270253214 13975.4618082478 17139.1353448939 16505.64940084 15443.65287422 16009.8212888126 14008.6967556122 14385.24649072 15326.5783217026 17497.5515669334 17660.8460090461 13957.8165985268
45 15665.7863934397 16418.5182872259 14665.0021713314 15202.5668798455 14202.3476283361 14280.1182076076 14421.143592878 16960.2173179566 16839.0054311799 13993.8052829675 15965.8005134442 16708.5520111403 14777.5560924242 15313.0354356632 14152.0231531238 14214.9358306725 14588.8422843699 17099.4413784554 17254.964928286 13952.5286060405 17101.8948580851 17157.1850855292 15399.6991793731 15936.3757139497 14043.2240233869 14325.7774484854 15295.4327290404 17450.2622167452 17837.2284122099 14009.7545846412
46 15682.8199138642 16300.5470174164 14700.8912129653 15141.7952582936 14176.9744386435 14256.823204771 14387.6044352352 16923.9357704813 16870.8303167552 13987.8303389138 15997.2693670127 16582.2639417199 14810.5373243228 15245.2137707461 14116.614071429 14232.9461534906 14551.5186441659 17079.2233551301 17281.3193841123 13928.7179794818 17146.986143904 17033.774342744 15441.4423879956 15859.8555935821 14006.0454419839 14506.5940670534 15237.024965843 17499.054964283 18035.4724410872 13968.1761567705
47 15662.1096951711 16199.138325595 14744.9098050658 15186.5991717205 14121.2780067677 14246.119622021 14424.5795687998 16865.0686198765 17649.3238082267 14004.7894033424 15966.8934494881 16468.3665763067 14850.2206546617 15301.8285779135 14072.8509619281 14209.7733774353 14577.3955138416 17027.4359879266 18297.0673154264 13947.2158082356 17088.2888507356 16906.242731522 15460.1445272518 15901.6928885765 13980.0819701632 14474.9116741865 15244.0237787386 17469.6974934001 19245.0962726056 13997.0296936015
48 15694.5060225863 16208.9612981128 14826.4712112242 15229.6172157189 14092.2472841435 14222.1289004435 14428.076949556 16788.2539854702 17679.429442149 13960.053466175 15997.4567237041 16461.9476594441 15071.2149652614 15351.0392112705 14043.3118721384 14170.5799336245 14573.2411523462 16986.1973342486 18336.7427060071 13907.239806695 17109.324682957 16535.6574305027 16154.5341355858 15963.6719996688 13938.5110998315 14414.6694435896 15242.5644044346 17520.6303585054 19303.8640762569 13976.6860524996
49 15692.8845067177 16137.7307234237 14776.8308427967 15215.3129301525 14106.8984954103 14187.4043192045 14375.4052327241 16825.0350291093 17614.1283507707 13932.127507673 16007.1061691504 16367.150718652 15013.4011905992 15360.854648157 14044.9273264618 14130.3494115221 14515.9168643786 16980.0622029688 18247.7884634646 13888.5574329482 17144.7612768955 16439.7244285349 16087.3612459997 15991.5571723213 13918.9847491965 14415.0355988367 15185.1989192874 17446.9479106907 19158.0486899059 13973.0590591161
50 15692.1236555219 16054.3309846618 14782.2883356689 15142.9720496854 14139.4316241348 14212.4178927543 14363.9377540316 16770.3671452246 17483.2508956097 13891.0724467806 15991.3541224831 16269.3086571818 15019.1374149057 15292.4298008137 14070.920962255 14144.0949532476 14486.592413834 16922.2763710317 18114.1659157657 13858.0963997148 17124.1875770618 16341.972248864 16072.6806804946 15942.9792155407 13924.3901841726 14415.3499720681 15134.0437673819 17359.237223064 19064.5846657027 13989.9372421676
51 15645.1172665619 16034.7695759872 14751.3990265908 15192.5603768296 14154.3180838302 14257.5512902673 14365.1505625761 16680.3619050277 17365.2135972342 14009.6493075382 15938.2335973037 16318.6315798567 14973.2403803864 15349.8246408316 14065.2543162696 14180.9689646878 14481.8444779425 16843.436180725 17982.4761209029 14107.3643994635 17066.6569236103 16744.0998292911 16006.2409876605 16002.8675597877 13903.4189190535 14446.3158069614 15104.7715627054 17308.0982036861 18919.9731695262 14117.8941752645
52 15646.6925767992 15960.4250088695 14695.9517055194 15221.9510861229 14219.764854988 14276.5791421432 14405.2369163792 16573.4997591972 17265.2819349623 14011.5055880945 15984.0159257011 16229.5093311607 14925.1994235101 15376.2643469193 14241.5329560532 14209.7917774613 14524.3675055681 16776.0852066447 17864.9269208075 14121.7017720662 17163.4014011773 16654.100963933 16011.3473348345 16043.4241344101 14472.4889545675 14493.4124087623 15146.1457809526 17338.944073005 18783.0187646997 14104.5310121052
53 15674.1391906952 15888.5226554809 14646.5601512608 15154.7539020768 14206.4628913252 14325.6679499187 14441.7450302991 16515.3503597284 17316.4484304152 14030.6241906577 16000.4580406779 16133.6766300077 14871.2140912689 15313.2471702072 14199.8643917347 14255.3374593512 14554.5445255721 16703.7885737556 17908.8858442092 14138.7042073458 17147.6813694997 16555.2874042175 15948.7522883689 16046.9597378191 14419.3134823727 14535.2779631253 15173.1128268787 17252.2627560313 19033.6346698588 14118.0186123523
54 15708.9253358277 16003.8824377076 14607.6781029631 15040.5274774263 14156.3409639704 14367.3068673071 14399.019395202 16449.1318287702 17259.0784342943 14004.0957427611 16032.4933875043 16353.174539114 14826.9769079529 15215.7821955625 14146.3990156224 14299.3149837758 14503.8933723505 16628.8174757944 17872.368052937 14102.2071423608 17168.4034740786 16748.0173398389 15894.6296546733 15948.9875799084 14369.0581099929 14581.3469173151 15117.5858751652 17164.5272617893 18788.4688426669 14072.8726325231
55 15661.2532988895 15927.2560173338 14615.4453864889 15041.1990664751 14157.5473276263 14343.6931794734 14444.1213412875 16423.3706180011 17358.1451879474 14125.5842262473 15979.0343247571 16260.7287569002 14823.62816522 15214.6631250334 14139.2698822252 14294.3562131382 14541.8753397693 16681.7012540691 17972.6647481494 14317.4683180908 17105.4544017735 16648.0432350422 15876.0713798691 15934.9138348126 14334.4357791966 14515.8639770815 15148.6998035264 17404.2040823183 18859.9391087976 14827.358264354
56 15708.2231566704 15921.056555527 14565.4125403302 14977.2609459706 14159.2890687693 14299.9608547231 14408.8751715792 17051.4121238478 17242.1796300305 14162.5893532101 16066.7325984252 16257.6845604543 14775.0144903325 15152.4288988835 14123.4640091519 14243.8246177939 14532.5647144496 17547.5645341547 17848.6055530017 14353.6560657079 17365.5247376772 16608.9564425724 15844.775826615 15856.4876267002 14293.836983199 14454.2797455112 15239.4585107405 19192.900216167 18742.6552592793 14854.9150836287
57 15657.4449497243 15891.2157637889 14586.1961084985 14948.6703759497 14584.444109387 14351.5829702149 14439.1020973779 17050.5817051319 17315.0811353261 14199.3040298609 16014.088102734 16204.1153372457 14791.1952494077 15118.5656286327 14918.3761605184 14291.529459932 14566.1498540215 17540.5098879521 17891.9632023392 14385.2549052948 17299.520077766 16522.2389031872 15883.9729475708 15808.9769322272 16172.5521483312 14487.3920148635 15270.3079177177 19170.9036667364 18758.3078937925 14866.0546367818
58 15671.6859237469 15810.3214327915 14548.9720358944 14975.0990350089 15416.3728433237 14311.8117658389 14407.7214658757 16972.6118921752 17363.3705276709 14239.8998144606 16036.7068793097 16110.4211700845 14763.6062791184 15124.7442560074 15900.9829948329 14246.4361551041 14514.3239272243 17450.8772088462 17949.2455955892 14415.4376128216 17304.4885171346 16435.0727579979 15825.5058885222 15784.8770372651 17667.7842587981 14426.6283685198 15221.3319615356 19065.7043836873 18868.845259352 14869.4487831549
59 15631.9800640665 17756.1184986297 14544.9971918113 14957.5819830762 15427.3162468316 14312.0818320003 14682.6373171039 16887.9587797533 17432.2478484035 14570.1007092701 15991.455762158 18636.9267185375 14761.1218655108 15086.529544123 15915.8051200507 14253.3852115423 15026.4406257469 17358.8657986284 17975.309426192 14816.485847106 17240.3107204465 19519.687464004 15796.7264060167 15712.3570506431 17639.822405407 14387.9454807011 16284.4565890161 18962.5114259896 18802.2148666402 15821.8063888014
60 15585.1269741649 17699.2720345801 14610.6844422465 14907.216945645 15419.541236119 14419.3945497048 14636.0766226009 16958.555460858 17491.4265388002 14579.7616509045 15951.7628044957 18567.2907549897 14835.8500994732 15028.0256542903 16008.2886641899 14402.1360905385 14965.1679980976 17411.8755342981 18029.3731478138 14821.4209418498 17251.9146895954 19429.2539656236 15973.7613506936 15644.3077313534 17921.5589361001 15092.428661619 16229.2568070381 18955.0139938889 18798.4583377528 15787.5853522962
61 15601.8970359435 17662.3331316399 14587.5959659718 14953.9993390468 15482.6695695689 14356.8212122886 14643.3810063451 17019.2964199235 17574.5840509595 14531.4952148459 15953.8963507995 18504.1251722381 14799.2521263659 15055.257019569 16047.9653472095 14339.6916829376 14950.6183973113 17472.8575190755 18255.1691924416 14760.7394659685 17218.3219885699 19424.9324639613 15919.4334620538 15612.4808967759 17899.5798328678 15025.5360642043 16183.9980186203 18974.0160880191 19537.7631938362 15729.3982467735
62 15562.5185992077 17648.6103527516 14620.502920563 14901.0706967612 15497.40305855 14410.0034520995 14621.7668729953 16929.2340170545 17582.6022681119 14490.3766820628 15905.5752411815 18448.0300188051 14819.0572728992 15019.9704491537 16038.0743003848 14386.3091992636 14952.1621755985 17400.0794735984 18249.1411005966 14709.5234188378 17157.6863503864 19342.867990045 15922.0625588783 15618.4472954132 17849.3280625114 15035.4580941135 16220.6171778334 18969.9966610228 19512.6453376084 15696.6648645175
63 15583.7045389015 17726.8533706168 14589.9286742168 14851.6372989093 15551.7094826578 14465.4605039728 14672.0552319748 16936.5105127899 17458.1229943355 14486.4107317103 15915.5579670922 18527.1225374845 14789.3528442551 14984.5571965174 16078.5906429818 14438.5069004107 15001.1903165809 17373.654137462 18120.6853885805 14719.9733431354 17147.7770154633 19221.1106055245 15880.2387100551 15705.31609506 17818.5017645301 15089.4859265549 16250.672778547 18878.6432370807 19376.9950691842 15736.4430438738
64 15543.8873424482 17800.0173860054 14543.0588263375 14803.4806076503 15560.8274556481 14511.4821057277 14709.9225691265 16900.5338169015 17350.7579503289 14448.7666516808 15894.3595098682 18569.0703785628 14742.132177009 14949.7387578299 16137.2476420037 14471.695942668 15030.9265314346 17316.008260023 17995.0170109997 14673.2286287088 17063.1783835013 19235.2130037609 15827.3526743614 15773.4951790797 18053.4258784772 15097.4248062159 16249.6573359507 18858.8158233148 19255.4105514791 15677.5732641556
65 15521.9076797861 17871.2173363204 14511.005805773 14768.9628025947 15628.3361276071 14506.8658539419 14712.4155242002 16839.462598802 17241.353534987 14455.0446319442 15859.4808695978 18732.0497155643 14707.1569403611 14905.6091830997 16199.0316613744 14459.2758993736 15016.5496234131 17242.2473367018 17874.6700815626 14695.4520126384 17013.7777930095 19488.1029610005 15825.9137914246 15707.2974620937 17951.8163150554 15068.905835861 16247.5090426023 18766.3876974484 19121.1825592014 15716.62970068
66 15551.8870048234 17880.7938628756 14466.4706275427 14774.5171388359 15635.4397813104 14438.1721833211 14693.6985483437 16857.1684277393 17286.1800717147 14414.787994407 15887.5724446291 18705.314149993 14666.746927395 14897.1425478072 16176.8942852647 14416.9627202576 14979.4718727887 17224.2261542973 17913.9625148951 14646.8211200593 17045.2008476878 19410.2526627146 15831.443632357 15744.6413068422 17890.8898365417 15138.73086825 16189.7484394667 18717.0874741007 19117.7959069854 15734.6413589422
67 15569.6430042754 17969.9490611641 14432.5292587675 14795.0708244172 15550.7348380897 14375.0241503553 14631.2479959865 16828.3641531436 17323.1316136403 14455.2595828686 15895.2364457535 18792.7018373029 14645.0631786172 14894.7292493372 16102.5521486808 14369.2731899762 14931.1682299055 17167.956547208 17913.901240412 14686.7650356826 17066.6204342137 19449.2063170171 15859.0439746188 15737.5044844102 17868.1984392646 15179.7532481714 16220.9911348568 18656.1502147676 19084.9665997629 15764.7181361037
68 15543.6849285476 18040.557684646 14424.3669881056 14757.4305816479 15546.5461157013 14427.7330097189 14660.3229535944 16789.7203773201 17213.4632592036 14435.5071061153 15910.5310431706 18801.8440583742 14626.2844953719 14846.836518973 16060.3059252937 14401.2300637901 14939.7973157875 17104.1021502103 17798.3608603515 14797.8044092553 17203.032721707 19428.4145961989 15812.3946441782 15671.8106903671 17795.6811379052 15166.7213122608 16191.9138425377 18568.1364244738 18974.7023695741 16394.0604400014
69 15504.7071343012 17988.481112131 14385.8738822789 14799.2518482548 15469.53282922 14392.0647239789 14670.6416276871 16737.7316169277 17212.0611534104 14431.6596792833 15863.1511421492 18729.1680641098 14585.7685569413 14889.0656664194 15982.0439158617 14349.4516264889 14930.6063214438 17038.0461499536 17750.0299389875 14776.3611598209 17163.8662295458 19440.3569753571 15769.1870821468 15717.2787737638 17756.7518380098 15099.1665377067 16145.2921733141 18492.4743764413 18865.2203630233 16408.3622261501
70 15488.6774163904 17910.7219894456 14411.0119325234 14745.9333046291 15482.8328128524 14386.8696392883 14617.1508686941 16698.829771502 17305.8299525585 14463.7519647401 15854.0585413909 18639.4790472496 14609.3629571042 14837.0778562774 15970.6686972587 14339.5571110062 14884.1171635221 16982.9399967596 17841.4952053701 14801.6623170755 17195.1644742349 19353.1966756914 15807.3201779894 15657.5204646666 17696.2486473772 15044.7457861532 16083.9826112174 18408.4558467765 18689.0375273439 16415.1718619661
71 15453.7526541578 17963.2125149619 14377.130585268 14733.2888167955 15671.0527747223 14441.4515247161 14629.1195176878 16755.6500770025 17301.7968564698 14436.2075228941 15808.3135887306 18648.8165291222 14569.8485547083 14814.8587039637 16251.9853421514 14387.9049340043 14902.1444987435 17040.9364902359 17806.5147096875 14777.3970429447 17221.6974777132 19303.24576802 15791.2727025715 15598.4087411908 17830.0783524312 15096.7263502039 16092.651824836 18375.1267069512 18752.8100846407 16354.2322935565
72 15463.4270149201 18054.6149013775 14395.2821973096 14702.4647912311 15640.6592411655 14374.7848651359 14585.8224034631 16706.2665741585 17302.4589486628 14387.7505532391 15829.4206628225 18728.2956957541 14599.120447966 14799.3541719535 16196.9908012172 14331.1389138225 14896.5612230927 17122.4163254387 17754.910926407 14760.6801746412 17277.7543570203 19324.5771192818 15832.5139516993 15735.3454269541 17761.9326280945 15112.5263022808 16230.1667678275 18788.691410947 18644.2870600247 16497.8451899661
73 15482.339915581 17947.8958731687 14391.6633870614 14741.5482612365 15574.9963463445 14313.9849488488 14584.8027564002 16454.6463940385 17246.8512917951 14398.8066422166 15833.6704657864 18642.6380369079 14581.2500582002 14835.200470484 16121.7085427812 14271.6162360664 14873.1120885857 16899.7423925717 17772.5968605352 14745.8430458023 17254.0931548755 19328.551451004 15788.7424333947 15759.2950907759 17709.4047225724 15069.6747967669 16181.4615600917 18661.538363809 18731.0708766636 16430.6768878927
74 15443.7557985789 17982.7279911092 14606.8627673747 14691.0099973794 16320.0018302027 14282.5579890046 14591.5186120199 16394.6661384144 17312.286771039 14355.9037013901 15804.4742551081 18639.9470908974 15637.1631638074 14788.2933781227 17188.3302773436 14274.8727746455 14883.8564814948 16831.1681868478 17807.9179119987 14691.4939475417 17289.8752145929 19271.245279756 18287.1050141532 15765.1954703722 19081.6483415662 15086.8308806246 16181.695187965 18578.1579610848 18755.6346541098 16390.4224245716
75 15460.3740488787 17881.683893258 14627.3616877704 14694.2799774044 16288.3252957545 14267.5127456068 14623.3970133601 16349.2081387574 17364.1962842453 14320.0361420335 15831.0259374039 18585.0410075199 15647.210592715 14775.5812541098 17142.2004945434 14225.3946964997 14921.1326613316 16771.7274747068 17817.60851587 14650.1093793933 17328.2146291249 19355.5311925405 18306.0889673284 15751.3760110313 19004.8169124295 15048.9043413521 16260.3214181642 18497.480726414 18726.6059424779 16324.409477984
76 15442.1569774487 17808.9384862171 14612.2035815579 14705.9780739407 16210.8635237168 14316.4595450425 14575.3435109388 16305.2901675006 17427.6003800248 14271.8050396912 15807.6918666562 18534.1400809843 15641.2934745125 14843.8500780988 17091.5973070172 14266.9560220623 14897.3045734427 16713.6916369045 17891.5775309869 14602.2584604421 17280.3048746791 19495.3755621973 18405.9981079399 15716.1037059896 19052.6377017002 15074.6979042609 16390.5830162346 18420.3407377065 18755.7009815727 16318.9510772792
77 15471.3330120771 17748.1632280849 14598.4153267875 14706.2690540392 16174.5660737877 14582.9051434627 14617.4184384133 16268.3050996971 17342.4585569255 14308.6314448637 15834.7947543637 18526.2416154355 15607.7067052777 14841.7926346734 17025.8301261084 14848.1678409829 14922.4436544309 16726.2743622249 17869.1468956587 14623.255905433 17301.7494920128 19758.6618953504 18342.155222704 15691.670879321 19001.8260607031 16255.448052997 16374.8678078252 18348.1434522336 18959.0643789216 16310.3299434212
78 15434.759158839 17823.1516864865 14558.2218223333 14686.4876356171 16180.5910068586 14636.6933743427 14567.1664229276 16317.1856390017 17408.2752963517 14346.5865751786 15808.3749876815 18605.8298016437 15569.0192298519 14805.7868881722 16969.5104741396 14882.6249197954 14866.8156598229 16767.9651066548 17859.1443322653 14664.0648460741 17326.6259941358 19828.3647158187 18284.1314271907 15639.4369331314 18926.3503698952 16257.9117192735 16320.2195300974 18406.6352251664 18899.7739206371 16358.7753623878
79 15419.7234378396 17911.529510818 14521.5329206618 14651.4707080769 16007.407307576 14661.3462314213 14574.8504890845 16324.9483744976 17325.4830589541 14301.5544515767 15777.7896579666 18654.3079002911 15524.0255615784 14805.0520311381 16891.9487004492 14879.6727013856 14861.1597808913 16728.9346757493 17753.7026273187 14628.567549702 17267.4710042658 19870.023447216 18236.6737010823 15833.3555433636 18853.4893592629 16217.4823832669 16269.4836170946 18331.3309140776 18792.7329871641 16383.0195368684
80 15444.7711079105 17990.6378911448 14481.0335579457 14685.4318589565 16054.1651240261 15430.6118856538 14547.1373038975 16323.0681803709 17363.7196245578 14275.3236775424 15794.8289975051 18708.174727079 15508.8058428482 14845.001655278 16917.8701299269 16135.6007561291 14821.0901113409 16782.7825082651 17771.5690196963 14586.1013156994 17290.0659669672 19858.2342197789 18425.4055285444 15884.7910639751 18823.4534477396 18035.0422333791 16262.8697693467 18622.9384291613 18727.2066566137 16319.8412830969
81 15406.2122641548 18005.52176857 14510.6691082095 14721.091111185 16099.8163417613 15434.1811968633 14587.7291040319 16295.8794839027 17301.1424259288 14277.691628329 15752.1355854514 18647.1664987198 15536.7477884466 14931.6540289311 16946.9012221429 16115.6756052054 14853.1749987786 16746.0092935228 17767.9245564227 14568.8648078538 17231.7944225852 19776.5000901259 18442.4446431823 16256.1012097497 18795.5514487083 17977.3271072834 16276.8545646155 18545.2099288943 18771.9427187935 16269.2952247039
82 15379.5910242566 18091.9550985175 14493.7666106576 14677.4696428796 16024.0627859587 15458.0811799247 14604.9766826807 16283.9372101632 17395.602958131 14312.1632425515 15715.7531801417 18731.2385045024 15541.5257556768 14932.3358300957 16870.0792700141 16108.3245643005 14953.4860318812 16715.3252088392 17858.8039663854 14601.2025917143 17191.4245022199 19848.061962411 18561.6046996417 16537.9462712277 18747.5970678247 17923.077847154 16552.3098049367 18482.3233891827 18859.7964888987 16282.2969454938
83 15343.6327871439 17981.7085111972 14457.3941794668 14699.5969020303 15967.3647056194 15422.548925018 14594.4410152392 16250.072774105 17566.5909264024 15589.1892128631 15691.7218750779 18653.6065382374 15516.7435849994 14974.0612962333 16798.6896618224 16045.6021670541 15008.0588464482 16724.9060570848 18251.1357765926 16456.4462350168 17197.7390286757 19944.759897327 18579.6730808215 16604.2997390844 18684.3400394582 17845.7352467001 17125.5696203666 18607.0753325297 19311.6322880833 19054.3824758025
84 15310.8154095629 17972.4311343782 14422.6278309354 14687.3388310523 15948.3083790847 15345.2608112061 14545.611954846 16234.3732292674 17510.6484772776 15604.5350320323 15670.3524285615 18608.5646842691 15475.3435572349 14944.045099299 16783.7887896128 16000.1865952453 14965.3941788325 16779.9883322287 18151.0339209609 16446.6364214684 17216.4337746035 19848.808212276 18522.7000300754 16525.5455695451 18491.0378607598 17961.9809334034 17162.5916027722 18953.3457755195 19225.9201377987 18987.3601103214
85 15320.39096889 18007.2946003591 14432.0111318945 14637.8063835802 15989.5390341189 15967.984177479 14502.3348545566 16183.2242210886 17442.0301324311 15643.4319489942 15662.0110787431 18603.8413663073 15498.7486346965 14893.5714381561 16809.7348357286 16577.0312555798 14907.5637313156 16722.3604047607 18319.9011299946 16460.942385439 17178.198789215 19794.9942962581 18566.8554388656 16558.1465606289 18455.0728237504 19141.2432187858 17127.4652803432 18870.7266526296 20207.2166691451 18946.0243174197
86 15314.4716777277 18024.4375064095 14402.5983642498 14662.9035458223 15963.1789361028 15902.5802441371 14513.4377458702 16198.3892730744 17432.1713659966 15620.81715323 15652.477755493 18565.8433309673 15495.0605908986 14931.7734253436 16747.9664651952 16497.4893863327 14915.47353372 16723.550307653 18242.4208567629 16491.7983711343 17139.7495367952 19703.8356999941 18638.8302757134 16610.8324255747 18395.9895996639 19072.4683030086 17093.3851691125 18818.0824241134 20078.7856080294 19153.3216478208
87 15297.0565003658 18028.9926192245 14426.529724085 14662.4462149652 15897.8910537658 15903.0486738068 14541.1661558889 16104.4284214239 17405.9174438882 15660.2704704396 15621.4911863003 18530.659651783 15520.8157658786 14899.690107626 16703.9675823368 16504.2236039732 14923.4992339184 16744.6654279636 18172.6414716125 16509.5112985603 17099.8129593233 19635.2366176822 18650.2110827208 16540.9987152439 18436.3647159255 19020.8402146707 17085.7313686129 18881.3883695599 19957.660075469 19133.8986961954
88 15273.7081383616 18115.2779372462 14415.549932981 14702.1286696877 15916.9175598119 15821.144943787 14485.8854346269 16207.1555911573 17464.5445733058 15608.2317662354 15584.0535889957 18610.5666838842 15492.6199106609 14930.4123485826 16681.8132943194 16447.0051840855 14868.1029031134 17132.426794169 18243.2145231944 16479.474982667 17161.1318386817 19698.8656610482 18584.182860851 16549.2225435237 18377.8218182433 19097.5751943088 17030.53714914 20022.6249483764 20054.5091238383 19201.4678456779
89 15284.7855382108 18173.3653531822 14442.6401322207 14727.7240001235 15905.299414855 15743.0815845622 14433.1008835306 16212.3619508388 17470.3190835402 15553.3655036724 15586.9196529627 18640.0417223675 15515.2209341298 14948.1072021509 16642.7432848351 16378.8361885755 14829.4707555734 17118.5410788891 18171.7252793113 16438.1751830737 17125.6484796903 19660.3481200828 18572.5930578349 16529.113582365 18320.5727905062 19008.4992711926 17021.0996460472 19965.5169198617 19929.9721475001 19208.9559527489
90 15273.2650713462 18130.6720371285 14461.4533355107 14769.6005334622 15960.9402636826 15778.7775944742 14541.6859781112 16161.0407441132 17363.2259790312 15566.8379891226 15566.6834570325 18547.4855786437 15548.4022943416 14990.4786844691 16680.6557481801 16393.6305624226 15064.9228448156 17071.7714780166 18168.2058268169 16502.6154174031 17074.5994230968 19632.3843069372 18596.1740894727 16383.9048895846 18320.0919742103 19029.0139006584 17410.0732337512 19986.7054282366 20007.740890042 19500.0514074433
91 15268.1568093512 18033.3933554427 14421.6027889465 14812.9075554443 15936.9113080642 15711.8241867175 14500.7007682986 16123.1350546131 17260.4935810092 15529.1729073563 15552.4652067765 18491.9574791668 15505.4995845885 15034.50484178 16632.6037799933 16361.5753019333 15009.253511026 17014.3186665001 18085.7434679133 16566.864450957 17051.0568252757 19717.5640692494 18557.1191473123 16409.4790889929 18314.2724524706 18941.8415900516 17339.9339868318 19895.3746476905 20082.3973363249 19561.5713071009
92 15279.5210940285 18105.5197638283 14451.9519016559 14802.6050681221 15867.5409770061 15887.0599823435 14469.4793129789 16089.7370590921 17163.0271097049 15570.0164143478 15553.4372851734 18506.8299885833 15539.1731325308 15016.3571803851 16574.2611339248 16781.2659530703 14961.1517803484 17025.0560158353 17995.3657299121 16589.082651404 17014.7123040518 19749.1045374243 18595.4031020665 16466.3107799069 18330.1675676706 19422.9941660424 17281.4288208069 20001.5398825572 20145.1041111709 19611.2724937872
93 15273.0772375719 18171.0761296126 14427.7782272985 14845.2092718737 15801.2005961845 15945.7900200736 14505.555360095 16078.1664987322 17153.8860074484 15550.3958428326 15533.2468982891 18531.9224459041 15494.959328094 15051.3144118896 16511.1173512438 16978.0536784772 14994.6780891843 17033.224643892 17934.0538666325 16625.1196534332 16968.083921801 19724.6088079498 18557.0692600923 16516.3375878877 18304.4182079001 19458.1719425642 17268.1180236233 20150.9180343721 20020.1890515631 19622.0379383532
94 15283.7007542899 18249.7144986031 14406.6540053893 14792.5620725771 15741.2268033053 15958.2243016694 14534.7648950257 16024.880841239 17227.2027851494 15510.4451852448 15531.1444564971 18806.0745914279 15463.2199419733 15008.7267700369 16479.3365061577 16948.3047752349 14995.3854939368 16968.5684033514 18018.76716705 16583.6835903413 17002.5876752182 20302.2858112119 18494.9733114908 16494.2113230848 18354.4732882707 19364.7390132836 17240.2862212565 20057.3284251237 20051.4585694627 19545.5313727125
95 15307.5484053387 18149.7124669164 14416.6608033106 14749.7802757298 15724.7353063212 16009.7955645713 14554.50224974 16060.0188333931 17260.6452276644 15552.7715968582 15556.7768855211 18709.196591189 15461.0046601962 14953.884799124 16439.0254143308 17018.8189280393 14999.1273860722 16999.2932117403 18036.1413275159 16623.0817930929 17037.2816035936 20241.0555600394 18447.9323426045 16426.8949372839 18274.3453886257 19342.9764079739 17192.731847415 20037.8997804121 20040.2631354688 19530.157098814
96 15272.8134152733 18242.2957365923 14565.7573820447 14699.7299638796 15736.3972980042 16054.503708653 14532.5412371246 16009.4662915953 17344.0872252751 15530.4407867839 15521.5258967291 18792.4251121882 15749.6735989142 14908.039410934 16421.3230090567 17026.8462917443 14959.0297846474 16962.3283601164 18128.7274938224 16650.6946100753 16996.8314728627 19195.5290086013 18785.2795825677 16353.7256448665 18228.1612335087 19299.8739855391 17122.6257011328 20106.1076429346 20079.9329666572 19911.7301609089
97 15240.8351695745 18146.9633528418 14564.8282792943 14694.4956692758 15676.8521195665 16127.3497239799 14481.7686284659 15968.1345391366 17282.9532869301 15493.8868371173 15496.8555430329 18706.1088070467 15721.093705051 14889.2459952141 16375.4147132581 17090.2227820275 14974.5605434734 16939.027982192 18043.4228241814 16597.7482675231 17032.8646046151 19174.7394137661 18761.1943972117 16301.9335500548 18242.7335609066 19268.5943217486 17406.77557938 20225.7360150077 19974.9791842847 19893.6092094572
98 15236.2500149651 18246.7501872826 14523.7051590617 14645.8571518762 15665.9273871843 16060.269624391 14458.4481394476 15932.6742759552 17252.6075818262 15535.9190045923 15491.0009184497 18913.6932496563 15676.5612354811 14842.3406163621 16319.5384186273 17003.4657797336 14949.5261449532 16902.9282791814 17962.9742839168 16629.5743299752 16985.4796068446 19451.3134047796 18747.9606566995 16235.5015275258 18260.655753335 19239.8717402197 17333.9328265069 20303.1902181079 19948.5546763136 19936.7053904165
99 15209.2954502249 18228.078389758 14493.1762188297 14684.0689451892 15708.1926878239 16019.6842287232 14573.2130288761 15892.593738978 17203.9582129709 15559.2730029874 15494.5290633505 18850.887732203 15632.5271524998 14880.8556585242 16345.0773084532 17035.7302821191 15213.4482821611 16855.6862967243 17884.6281339973 16598.2038241721 17091.3839380756 19401.9894329224 18713.0780573704 16266.7358621851 18236.2783445267 19437.8470936787 18078.33846027 20303.6604684256 19834.326696856 19862.1101667125
100 15185.715075169 18134.4631422721 14536.0606033125 14685.2937883067 15660.1430182813 15939.4124364072 14544.0080175641 15855.7367575416 17222.0743164567 15575.3864493792 15493.7637773169 18836.8771008243 15805.0429645621 14842.5738612424 16330.9989559108 16970.727813864 15235.9549764986 16799.5425624789 17865.0944899998 16589.2623182384 17268.0111136862 19425.2204209625 19068.0262877221 16207.6964121812 18185.4987397752 19409.6419083665 18294.5966430167 20298.6601832888 19796.170400795 19849.3925005771
