1 12043.5 12043.5 12043.5 12043.5 12043.5 12043.5 12043.5 12043.5 12043.5 12043.5 12043.5 12043.5 12043.5 12043.5 12043.5 12043.5 12043.5 12043.5 12043.5 12043.5 12043.5 12043.5 12043.5 12043.5 12043.5 12043.5 12043.5 12043.5 12043.5 12043.5
2 12043.5 12043.5 12043.5 12043.5 12043.5 12043.5 12043.5 12043.5 12043.5 12043.5 12043.5 12043.5 12043.5 12043.5 12043.5 12043.5 12043.5 12043.5 12043.5 12043.5 12043.5 12043.5 12043.5 12043.5 12043.5 12043.5 12043.5 12043.5 12043.5 12043.5
3 12043.5 12043.5 12043.5 12043.5 12043.5 12043.5 12043.5 12043.5 12043.5 12043.5 12043.5 12043.5 12043.5 12043.5 12043.5 12043.5 12043.5 12043.5 12043.5 12043.5 12043.5 12043.5 12043.5 12043.5 12043.5 12043.5 12043.5 12043.5 12043.5 12043.5
4 12043.5 12043.5 12043.5 12043.5 12043.5 12043.5 12043.5 12043.5 12043.5 12043.5 12043.5 12043.5 12043.5 12043.5 12043.5 12043.5 12043.5 12043.5 12043.5 12043.5 12043.5 12043.5 12043.5 12043.5 12043.5 12043.5 12043.5 12043.5 12043.5 12043.5
5 12043.5 12043.5 12043.5 12686.4 12043.5 12043.5 12043.5 12043.5 12043.5 12043.5 12043.5 12043.5 12043.5 12753.3 12043.5 12043.5 12043.5 12043.5 12043.5 12043.5 12043.5 12043.5 12043.5 12892.6 12043.5 12043.5 12043.5 12043.5 12043.5 12043.5
6 12043.5 12043.5 12043.5 12686.4 12043.5 12043.5 12043.5 12043.5 12043.5 12043.5 12043.5 12043.5 12043.5 12753.3 12043.5 12043.5 12043.5 12043.5 12043.5 12043.5 12043.5 12043.5 12043.5 12892.6 12043.5 12043.5 12043.5 12043.5 12043.5 12043.5
7 12043.5 12043.5 12043.5 12686.4 12043.5 12043.5 12043.5 12043.5 12043.5 12043.5 12043.5 12043.5 12043.5 12753.3 12043.5 12043.5 12043.5 12043.5 12043.5 12043.5 12043.5 12043.5 12043.5 12892.6 12043.5 12043.5 12043.5 12043.5 12043.5 12043.5
8 12043.5 12043.5 12043.5 12686.4 12043.5 12043.5 12043.5 12043.5 12043.5 12043.5 12043.5 12043.5 12043.5 12753.3 12043.5 12043.5 12043.5 12043.5 12043.5 12043.5 12043.5 12043.5 12043.5 12892.6 12043.5 12043.5 12043.5 12043.5 12043.5 12043.5
9 12043.5 12043.5 12043.5 12686.4 12043.5 12043.5 12043.5 12043.5 12043.5 12043.5 12043.5 12043.5 12043.5 12753.3 12043.5 12043.5 12043.5 12043.5 12043.5 12043.5 12043.5 12043.5 12043.5 12892.6 12043.5 12043.5 12043.5 12043.5 12043.5 12043.5
10 12043.5 12043.5 12043.5 12686.4 12043.5 12043.5 12043.5 12043.5 12043.5 12043.5 12043.5 12043.5 12043.5 12753.3 12043.5 12043.5 12043.5 12043.5 12043.5 12043.5 12043.5 12043.5 12043.5 12892.6 12043.5 12043.5 12043.5 12043.5 12043.5 12043.5
11 12043.5 12043.5 12043.5 12686.4 12043.5 12043.5 12043.5 12043.5 12043.5 12043.5 12043.5 12043.5 12043.5 12753.3 12043.5 12043.5 12043.5 12043.5 12043.5 12043.5 12043.5 12043.5 12043.5 12892.6 12043.5 12043.5 12043.5 12043.5 12043.5 12043.5
12 12043.5 12043.5 12043.5 12686.4 12043.5 12043.5 12043.5 12043.5 12043.5 12043.5 12043.5 12043.5 12043.5 12753.3 12043.5 12043.5 12043.5 12043.5 12043.5 12043.5 12043.5 12043.5 12043.5 12892.6 12043.5 12043.5 12043.5 12043.5 12043.5 12043.5
13 12043.5 12043.5 12043.5 12686.4 12043.5 12043.5 12043.5 12043.5 12043.5 12043.5 12043.5 12043.5 12043.5 12753.3 12043.5 12043.5 12043.5 12043.5 12043.5 12043.5 12043.5 12043.5 12043.5 12892.6 12043.5 12043.5 12043.5 12043.5 12043.5 12043.5
14 12043.5 13763.1 12043.5 12686.4 12043.5 12043.5 12043.5 12043.5 12043.5 12043.5 12043.5 13763.1 12043.5 12753.3 12043.5 12043.5 12043.5 12043.5 12043.5 12043.5 12043.5 13763.1 12043.5 12980.4 12043.5 12043.5 12043.5 12043.5 12043.5 12043.5
15 12043.5 13763.1 12043.5 12686.4 12043.5 12043.5 12043.5 12043.5 12043.5 12043.5 12043.5 13763.1 12043.5 12753.3 12043.5 12043.5 12043.5 12043.5 12043.5 12043.5 12043.5 13763.1 12043.5 12980.4 12043.5 12043.5 12043.5 12043.5 12043.5 12043.5
16 12043.5 13763.1 12043.5 12686.4 12043.5 12043.5 12043.5 13763.1 12043.5 12043.5 12043.5 13763.1 12043.5 12753.3 12043.5 12043.5 12043.5 13763.1 12043.5 12043.5 12043.5 13763.1 12043.5 12980.4 12043.5 12043.5 12043.5 13763.1 12043.5 12043.5
17 12043.5 13763.1 12043.5 12686.4 12043.5 12043.5 12043.5 13763.1 12043.5 12043.5 12043.5 13763.1 12043.5 12753.3 12043.5 12043.5 12043.5 13763.1 12043.5 12043.5 12043.5 13763.1 12043.5 12980.4 12043.5 12043.5 12043.5 13763.1 12043.5 12043.5
18 12043.5 13763.1 12043.5 12686.4 12043.5 12043.5 12043.5 13763.1 12043.5 12043.5 12043.5 13763.1 12043.5 12753.3 12043.5 12043.5 12043.5 13763.1 12043.5 12043.5 12043.5 13763.1 12043.5 12980.4 12043.5 12043.5 12043.5 13763.1 12043.5 12043.5
19 12043.5 13763.1 12043.5 12686.4 12043.5 12043.5 12043.5 13763.1 12043.5 12043.5 12043.5 13763.1 12043.5 12753.3 12043.5 12043.5 12043.5 13763.1 12043.5 12043.5 12043.5 13763.1 12043.5 12980.4 12043.5 12043.5 12043.5 13763.1 12043.5 12043.5
20 12043.5 13763.1 12043.5 12686.4 12043.5 12043.5 12043.5 14470.2 12043.5 12043.5 12043.5 13763.1 12043.5 12753.3 12043.5 12043.5 12043.5 14754.7 12043.5 12043.5 12043.5 13763.1 12043.5 12980.4 12043.5 12043.5 12043.5 15307.8 12043.5 12043.5
21 12043.5 13763.1 12043.5 12686.4 12043.5 12043.5 12043.5 14470.2 12043.5 12043.5 12043.5 13763.1 12043.5 12753.3 12043.5 12043.5 12043.5 14754.7 12043.5 12043.5 12043.5 13763.1 12043.5 12980.4 12043.5 12043.5 12043.5 15307.8 12043.5 12043.5
22 12043.5 13763.1 13763.1 12686.4 12043.5 12043.5 12043.5 14470.2 12043.5 12043.5 12043.5 13763.1 13763.1 12753.3 12043.5 12043.5 12043.5 14754.7 12043.5 12043.5 12043.5 13763.1 13763.1 12980.4 12043.5 12043.5 12043.5 15307.8 12043.5 12043.5
23 12043.5 13763.1 13763.1 12686.4 12043.5 12043.5 12043.5 14470.2 12043.5 12043.5 12043.5 13763.1 13763.1 12753.3 12043.5 12043.5 12043.5 14754.7 12043.5 12043.5 12043.5 13763.1 13763.1 12980.4 12043.5 12043.5 12043.5 15307.8 12043.5 12043.5
24 12043.5 13763.1 13763.1 12686.4 12043.5 12043.5 12043.5 14470.2 12043.5 12043.5 12043.5 13763.1 13763.1 12753.3 12043.5 12043.5 12043.5 14754.7 12043.5 12043.5 12043.5 13763.1 13763.1 12980.4 12043.5 12043.5 12043.5 15307.8 12043.5 12043.5
25 12043.5 13763.1 13763.1 12686.4 12043.5 12043.5 12043.5 14470.2 13763.1 12043.5 12043.5 13763.1 13763.1 12753.3 12043.5 12043.5 12043.5 14754.7 13763.1 12043.5 12043.5 13763.1 13763.1 12980.4 12043.5 12043.5 12043.5 15307.8 13763.1 12043.5
26 12043.5 13763.1 13763.1 12686.4 12043.5 12043.5 12043.5 14470.2 13763.1 12043.5 12043.5 13763.1 13763.1 12753.3 12043.5 12043.5 12043.5 14754.7 13763.1 12043.5 12043.5 13763.1 13763.1 12980.4 12043.5 12043.5 12043.5 15307.8 13763.1 12043.5
27 12043.5 13763.1 13763.1 12686.4 12043.5 12043.5 12043.5 14470.2 13763.1 12043.5 12043.5 13763.1 13763.1 12753.3 12043.5 12043.5 12043.5 14754.7 13763.1 12043.5 12043.5 13763.1 13763.1 12980.4 12043.5 12043.5 12043.5 15307.8 13763.1 12043.5
28 12043.5 13763.1 13763.1 12686.4 12043.5 12043.5 12043.5 14470.2 13763.1 12043.5 12043.5 13763.1 13763.1 12753.3 12043.5 12043.5 12043.5 14754.7 13763.1 12043.5 12043.5 13763.1 13763.1 12980.4 12043.5 12043.5 12043.5 15307.8 13763.1 12043.5
29 12043.5 13763.1 13763.1 12686.4 12043.5 12043.5 12043.5 14470.2 13763.1 12043.5 12043.5 13763.1 13763.1 12753.3 12043.5 12043.5 12043.5 14754.7 13763.1 12043.5 12043.5 13763.1 13763.1 12980.4 12043.5 12043.5 12043.5 15307.8 13763.1 12043.5
30 12043.5 13763.1 13763.1 12686.4 12043.5 12043.5 12043.5 14470.2 13763.1 12043.5 12043.5 13763.1 13763.1 13220.2 12043.5 12043.5 12043.5 14754.7 13763.1 12043.5 12043.5 13763.1 13763.1 13763.1 12043.5 12043.5 12043.5 15307.8 13763.1 12043.5
31 12043.5 13763.1 13763.1 12686.4 12043.5 12043.5 12043.5 14470.2 13763.1 12043.5 12043.5 13763.1 13763.1 13220.2 12043.5 12043.5 12043.5 14754.7 13763.1 12043.5 12043.5 13763.1 13763.1 13763.1 12043.5 12117.1 12043.5 15307.8 13763.1 12043.5
32 12043.5 13763.1 13763.1 12686.4 12043.5 12043.5 12043.5 14470.2 13763.1 12043.5 12043.5 13763.1 13763.1 13220.2 12043.5 12043.5 12043.5 14754.7 13763.1 12043.5 12043.5 13763.1 13763.1 13763.1 12043.5 12117.1 12043.5 15307.8 13763.1 12043.5
33 12043.5 13763.1 13763.1 12686.4 12043.5 12043.5 12043.5 14470.2 13763.1 12043.5 12043.5 13763.1 13763.1 13220.2 12043.5 12043.5 12043.5 14754.7 13763.1 12043.5 12043.5 13763.1 13763.1 13763.1 12043.5 12117.1 12043.5 15307.8 13763.1 12043.5
34 12043.5 13763.1 13763.1 12686.4 12043.5 12043.5 12043.5 14470.2 13763.1 12043.5 12043.5 13763.1 13763.1 13220.2 12043.5 12043.5 12043.5 14754.7 13763.1 12043.5 12043.5 13763.1 13763.1 13763.1 12043.5 12117.1 12043.5 15307.8 13763.1 12043.5
35 12043.5 13763.1 13763.1 12686.4 12043.5 12043.5 12043.5 14470.2 13763.1 12043.5 12043.5 13763.1 13763.1 13220.2 12043.5 12043.5 12043.5 14754.7 13763.1 12043.5 12043.5 13763.1 13763.1 13763.1 12043.5 12117.1 12043.5 15307.8 13763.1 12043.5
36 12043.5 13763.1 13763.1 12686.4 12043.5 12043.5 12043.5 14470.2 13763.1 12043.5 12043.5 13763.1 13763.1 13220.2 12043.5 12043.5 12043.5 14754.7 13763.1 12043.5 12043.5 13763.1 13763.1 13763.1 12043.5 12117.1 12074.1 15307.8 13763.1 12043.5
37 13763.1 13763.1 13763.1 12686.4 12043.5 12043.5 12043.5 14470.2 13763.1 12043.5 13763.1 13763.1 13763.1 13220.2 12043.5 12043.5 12043.5 14754.7 13763.1 12043.5 13763.1 13763.1 13763.1 13763.1 12043.5 12117.1 12074.1 15307.8 13763.1 12043.5
38 13763.1 13763.1 13763.1 12686.4 12043.5 12043.5 12043.5 14470.2 13763.1 12043.5 13763.1 13763.1 13763.1 13220.2 12043.5 12043.5 12043.5 14754.7 13763.1 12043.5 13763.1 13763.1 13763.1 13763.1 12043.5 12117.1 12074.1 15307.8 13763.1 12043.5
39 13763.1 13763.1 13763.1 12686.4 12043.5 12043.5 12043.5 14470.2 13763.1 12043.5 13763.1 13763.1 13763.1 13220.2 12043.5 12043.5 12043.5 14754.7 13763.1 12043.5 13763.1 13763.1 13763.1 13763.1 12043.5 12117.1 12074.1 15307.8 13763.1 12043.5
40 13763.1 13763.1 13763.1 12686.4 12043.5 12043.5 12043.5 14470.2 13763.1 12043.5 13763.1 13763.1 13763.1 13220.2 12043.5 12043.5 12043.5 14754.7 13763.1 12043.5 13763.1 13763.1 13763.1 13763.1 12043.5 12117.1 12074.1 15307.8 13763.1 12043.5
41 13763.1 13763.1 13763.1 12686.4 12043.5 12043.5 12043.5 14470.2 13763.1 12043.5 13763.1 13763.1 13763.1 13220.2 12043.5 12043.5 12043.5 14754.7 13763.1 12043.5 13763.1 13763.1 13763.1 13763.1 12043.5 12117.1 12074.1 15307.8 13763.1 12043.5
42 13763.1 13763.1 13763.1 12686.4 12043.5 12043.5 12043.5 14470.2 13763.1 12043.5 13763.1 13763.1 13763.1 13220.2 12043.5 12043.5 12043.5 14754.7 13763.1 12043.5 13763.1 13763.1 13763.1 13763.1 12043.5 12117.1 12074.1 15307.8 13763.1 12043.5
43 13763.1 13763.1 13763.1 12686.4 12043.5 12043.5 12043.5 14470.2 13763.1 12043.5 13763.1 13763.1 13763.1 13220.2 12043.5 12043.5 12043.5 14754.7 13763.1 12043.5 13763.1 13763.1 13763.1 13763.1 12043.5 12117.1 12074.1 15307.8 13763.1 12043.5
44 13763.1 13763.1 13763.1 12686.4 12043.5 12043.5 12093.2 14470.2 13763.1 12043.5 13763.1 13763.1 13763.1 13220.2 12043.5 12043.5 12760.4 14754.7 13763.1 12043.5 14899.2 13763.1 13763.1 13763.1 12043.5 12117.1 13763.1 15307.8 13763.1 12043.5
45 13763.1 13763.1 13763.1 12686.4 12043.5 12043.5 12093.2 14470.2 13763.1 12043.5 13763.1 13763.1 13763.1 13220.2 12043.5 12043.5 12760.4 14754.7 13763.1 12043.5 14899.2 13763.1 13763.1 13763.1 12043.5 12117.1 13763.1 15307.8 13763.1 12043.5
46 13763.1 13763.1 13763.1 12686.4 12043.5 12043.5 12093.2 14470.2 13763.1 12043.5 13763.1 13763.1 13763.1 13220.2 12043.5 12043.5 12760.4 14754.7 13763.1 12043.5 14899.2 13763.1 13763.1 13763.1 12043.5 12117.1 13763.1 15307.8 13763.1 12043.5
47 13763.1 13763.1 13763.1 12686.4 12043.5 12043.5 12093.2 14470.2 13961 12043.5 13763.1 13763.1 13763.1 13220.2 12043.5 12043.5 12760.4 14754.7 14795.6 12043.5 14899.2 13763.1 13763.1 13763.1 12043.5 12117.1 13763.1 15307.8 15473.1 12043.5
48 13763.1 13763.1 13763.1 12686.4 12043.5 12043.5 12093.2 14470.2 13961 12043.5 13763.1 13763.1 13763.1 13220.2 12043.5 12043.5 12760.4 14754.7 14795.6 12043.5 14899.2 13763.1 14217.6 13763.1 12043.5 12117.1 13763.1 15307.8 15473.1 12043.5
49 13763.1 13763.1 13763.1 12686.4 12043.5 12043.5 12093.2 14470.2 13961 12043.5 13763.1 13763.1 13763.1 13220.2 12043.5 12043.5 12760.4 14754.7 14795.6 12043.5 14899.2 13763.1 14217.6 13763.1 12043.5 12117.1 13763.1 15307.8 15473.1 12043.5
50 13763.1 13763.1 13763.1 12686.4 12043.5 12043.5 12093.2 14470.2 13961 12043.5 13763.1 13763.1 13763.1 13220.2 12043.5 12043.5 12760.4 14754.7 14795.6 12043.5 14899.2 13763.1 14217.6 13763.1 12043.5 12117.1 13763.1 15307.8 15473.1 12043.5
51 13763.1 13763.1 13763.1 12686.4 12043.5 12043.5 12093.2 14470.2 13961 12043.5 13763.1 13763.1 13763.1 13220.2 12043.5 12043.5 12760.4 14754.7 14795.6 12043.5 14899.2 13763.1 14217.6 13763.1 12043.5 12117.1 13763.1 15307.8 15473.1 12043.5
52 13763.1 13763.1 13763.1 12686.4 12043.5 12043.5 12093.2 14470.2 13961 12043.5 13763.1 13763.1 13763.1 13220.2 12043.5 12043.5 12760.4 14754.7 14795.6 12043.5 14899.2 13763.1 14217.6 13763.1 13140.9 12117.1 13763.1 15307.8 15473.1 12043.5
53 13763.1 13763.1 13763.1 12686.4 12043.5 12043.5 12093.2 14470.2 13961 12043.5 13763.1 13763.1 13763.1 13220.2 12043.5 12043.5 12760.4 14754.7 14795.6 12043.5 14899.2 13763.1 14217.6 13763.1 13140.9 12117.1 13763.1 15307.8 15473.1 12043.5
54 13763.1 13763.1 13763.1 12686.4 12043.5 12043.5 12093.2 14470.2 13961 12043.5 13763.1 13763.1 13763.1 13220.2 12043.5 12043.5 12760.4 14754.7 14795.6 12043.5 14899.2 13763.1 14217.6 13763.1 13140.9 12117.1 13763.1 15307.8 15473.1 12043.5
55 13763.1 13763.1 13763.1 12686.4 12043.5 12043.5 12093.2 14470.2 13961 12043.5 13763.1 13763.1 13763.1 13220.2 12043.5 12043.5 12760.4 14754.7 14795.6 12043.5 14899.2 13763.1 14217.6 13763.1 13140.9 12117.1 13763.1 15307.8 15473.1 13763.1
56 13763.1 13763.1 13763.1 12686.4 12043.5 12043.5 12093.2 14470.2 13961 12043.5 13763.1 13763.1 13763.1 13220.2 12043.5 12043.5 12760.4 14800.3 14795.6 12043.5 14899.2 13763.1 14217.6 13763.1 13140.9 12117.1 13763.1 16074.9 15473.1 13763.1
57 13763.1 13763.1 13763.1 12686.4 12420.2 12043.5 12093.2 14470.2 13961 12043.5 13763.1 13763.1 13763.1 13220.2 13687.5 12043.5 12760.4 14800.3 14795.6 12043.5 14899.2 13763.1 14217.6 13763.1 13763.1 12117.1 13763.1 16074.9 15473.1 13763.1
58 13763.1 13763.1 13763.1 12686.4 13763.1 12043.5 12093.2 14470.2 13961 12043.5 13763.1 13763.1 13763.1 13220.2 13763.1 12043.5 12760.4 14800.3 14795.6 12043.5 14899.2 13763.1 14217.6 13763.1 16571.9 12117.1 13763.1 16074.9 15473.1 13763.1
59 13763.1 13796.5 13763.1 12686.4 13763.1 12043.5 12093.2 14470.2 13961 12178.9 13763.1 14070 13763.1 13220.2 13763.1 12043.5 13046.2 14800.3 14795.6 12616 14899.2 14238.3 14217.6 13763.1 16571.9 12117.1 14376.6 16074.9 15473.1 13874.7
60 13763.1 13796.5 13763.1 12686.4 13763.1 12043.5 12093.2 14470.2 13961 12178.9 13763.1 14070 13763.1 13220.2 13763.1 12043.5 13046.2 14800.3 14795.6 12616 14899.2 14238.3 14217.6 13763.1 16571.9 13598 14376.6 16074.9 15473.1 13874.7
61 13763.1 13796.5 13763.1 12686.4 13763.1 12043.5 12093.2 14470.2 13961 12178.9 13763.1 14070 13763.1 13220.2 13763.1 12043.5 13046.2 14800.3 14795.6 12616 14899.2 14238.3 14217.6 13763.1 16571.9 13598 14376.6 16074.9 15473.1 13874.7
62 13763.1 13796.5 13763.1 12686.4 13763.1 12043.5 12093.2 14470.2 13961 12178.9 13763.1 14070 13763.1 13220.2 13763.1 12043.5 13046.2 14800.3 14795.6 12616 14899.2 14238.3 14217.6 13763.1 16571.9 13598 14376.6 16074.9 15473.1 13874.7
63 13763.1 13796.5 13763.1 12686.4 13763.1 12043.5 12093.2 14470.2 13961 12178.9 13763.1 14070 13763.1 13220.2 13763.1 12043.5 13046.2 14800.3 14795.6 12616 14899.2 14238.3 14217.6 13763.1 16571.9 13598 14376.6 16074.9 15473.1 13874.7
64 13763.1 13796.5 13763.1 12686.4 13763.1 12043.5 12093.2 14470.2 13961 12178.9 13763.1 14070 13763.1 13220.2 13763.1 12043.5 13046.2 14800.3 14795.6 12616 14899.2 14238.3 14217.6 13763.1 16571.9 13598 14376.6 16074.9 15473.1 13874.7
65 13763.1 13796.5 13763.1 12686.4 13763.1 12043.5 12093.2 14470.2 13961 12178.9 13763.1 14070 13763.1 13220.2 13763.1 12043.5 13046.2 14800.3 14795.6 12616 14899.2 14238.3 14217.6 13763.1 16571.9 13598 14376.6 16074.9 15473.1 13874.7
66 13763.1 13796.5 13763.1 12686.4 13763.1 12043.5 12093.2 14470.2 13961 12178.9 13763.1 14070 13763.1 13220.2 13763.1 12043.5 13046.2 14800.3 14795.6 12616 14899.2 14238.3 14217.6 13763.1 16571.9 13598 14376.6 16074.9 15473.1 13874.7
67 13763.1 13796.5 13763.1 12686.4 13763.1 12043.5 12093.2 14470.2 13961 12178.9 13763.1 14070 13763.1 13220.2 13763.1 12043.5 13046.2 14800.3 14795.6 12616 14899.2 14238.3 14217.6 13763.1 16571.9 13598 14376.6 16074.9 15473.1 13874.7
68 13763.1 13796.5 13763.1 12686.4 13763.1 12043.5 12093.2 14470.2 13961 12178.9 13763.1 14070 13763.1 13220.2 13763.1 12043.5 13046.2 14800.3 14795.6 12616 14899.2 14238.3 14217.6 13763.1 16571.9 13598 14376.6 16074.9 15473.1 14135.6
69 13763.1 13796.5 13763.1 12686.4 13763.1 12043.5 12093.2 14470.2 13961 12178.9 13763.1 14070 13763.1 13220.2 13763.1 12043.5 13046.2 14800.3 14795.6 12616 14899.2 14238.3 14217.6 13763.1 16571.9 13598 14376.6 16074.9 15473.1 14135.6
70 13763.1 13796.5 13763.1 12686.4 13763.1 12043.5 12093.2 14470.2 13961 12178.9 13763.1 14070 13763.1 13220.2 13763.1 12043.5 13046.2 14800.3 14795.6 12616 14899.2 14238.3 14217.6 13763.1 16571.9 13598 14376.6 16074.9 15473.1 14135.6
71 13763.1 13796.5 13763.1 12686.4 13763.1 12043.5 12093.2 14470.2 13961 12178.9 13763.1 14070 13763.1 13220.2 13763.1 12043.5 13046.2 14800.3 14795.6 12616 14899.2 14238.3 14217.6 13763.1 16571.9 13598 14376.6 16074.9 15473.1 14135.6
72 13763.1 13796.5 13763.1 12686.4 13763.1 12043.5 12093.2 14470.2 13961 12178.9 13763.1 14070 13763.1 13220.2 13763.1 12043.5 13046.2 14800.3 14795.6 12616 14899.2 14238.3 14217.6 13763.1 16571.9 13598 14376.6 16074.9 15473.1 14135.6
73 13763.1 13796.5 13763.1 12686.4 13763.1 12043.5 12093.2 14470.2 13961 12178.9 13763.1 14070 13763.1 13220.2 13763.1 12043.5 13046.2 14800.3 14795.6 12616 14899.2 14238.3 14217.6 13763.1 16571.9 13598 14376.6 16074.9 15473.1 14135.6
74 13763.1 13796.5 13763.1 12686.4 13766.6 12043.5 12093.2 14470.2 13961 12178.9 13763.1 14070 14130.9 13220.2 14482.5 12043.5 13046.2 14800.3 14795.6 12616 14899.2 14238.3 15193.4 13763.1 17157.3 13598 14376.6 16074.9 15473.1 14135.6
75 13763.1 13796.5 13763.1 12686.4 13766.6 12043.5 12093.2 14470.2 13961 12178.9 13763.1 14070 14130.9 13220.2 14482.5 12043.5 13046.2 14800.3 14795.6 12616 14899.2 14238.3 15193.4 13763.1 17157.3 13598 14376.6 16074.9 15473.1 14135.6
76 13763.1 13796.5 13763.1 12686.4 13766.6 12043.5 12093.2 14470.2 13961 12178.9 13763.1 14070 14130.9 13220.2 14482.5 12043.5 13046.2 14800.3 14795.6 12616 14899.2 14238.3 15193.4 13763.1 17157.3 13598 14376.6 16074.9 15473.1 14135.6
77 13763.1 13796.5 13763.1 12686.4 13766.6 12043.5 12093.2 14470.2 13961 12178.9 13763.1 14070 14130.9 13220.2 14482.5 13173.4 13046.2 14800.3 14795.6 12616 14899.2 14238.3 15193.4 13763.1 17157.3 13763.1 14376.6 16074.9 15473.1 14135.6
78 13763.1 13796.5 13763.1 12686.4 13766.6 12043.5 12093.2 14470.2 13961 12178.9 13763.1 14070 14130.9 13220.2 14482.5 13173.4 13046.2 14800.3 14795.6 12616 14899.2 14238.3 15193.4 13763.1 17157.3 13763.1 14376.6 16074.9 15473.1 14135.6
79 13763.1 13796.5 13763.1 12686.4 13766.6 12043.5 12093.2 14470.2 13961 12178.9 13763.1 14070 14130.9 13220.2 14482.5 13173.4 13046.2 14800.3 14795.6 12616 14899.2 14238.3 15193.4 13763.1 17157.3 13763.1 14376.6 16074.9 15473.1 14135.6
80 13763.1 13796.5 13763.1 12686.4 13766.6 13595.5 12093.2 14470.2 13961 12178.9 13763.1 14070 14130.9 13220.2 14482.5 13763.1 13046.2 14800.3 14795.6 12616 14899.2 14238.3 15193.4 13763.1 17157.3 15313 14376.6 16074.9 15473.1 14135.6
81 13763.1 13796.5 13763.1 12686.4 13766.6 13595.5 12093.2 14470.2 13961 12178.9 13763.1 14070 14130.9 13220.2 14482.5 13763.1 13046.2 14800.3 14795.6 12616 14899.2 14238.3 15193.4 13763.1 17157.3 15313 14376.6 16074.9 15473.1 14135.6
82 13763.1 13796.5 13763.1 12686.4 13766.6 13595.5 12093.2 14470.2 13961 12178.9 13763.1 14070 14130.9 13220.2 14482.5 13763.1 13046.2 14800.3 14795.6 12616 14899.2 14238.3 15193.4 13763.1 17157.3 15313 14376.6 16074.9 15473.1 14135.6
83 13763.1 13796.5 13763.1 12686.4 13766.6 13595.5 12093.2 14470.2 13961 13763.1 13763.1 14070 14130.9 13220.2 14482.5 13763.1 13046.2 14800.3 14795.6 13763.1 14899.2 14238.3 15193.4 13763.1 17157.3 15313 14376.6 16074.9 15473.1 14754.8
84 13763.1 13796.5 13763.1 12686.4 13766.6 13595.5 12093.2 14470.2 13961 13763.1 13763.1 14070 14130.9 13220.2 14482.5 13763.1 13046.2 14800.3 14795.6 13763.1 14899.2 14238.3 15193.4 13763.1 17157.3 15313 14376.6 16074.9 15473.1 14754.8
85 13763.1 13796.5 13763.1 12686.4 13766.6 13595.5 12093.2 14470.2 13961 13763.1 13763.1 14070 14130.9 13220.2 14482.5 13763.1 13046.2 14800.3 14795.6 13763.1 14899.2 14238.3 15193.4 13763.1 17157.3 17003.3 14376.6 16074.9 16078.9 14754.8
86 13763.1 13796.5 13763.1 12686.4 13766.6 13595.5 12093.2 14470.2 13961 13763.1 13763.1 14070 14130.9 13220.2 14482.5 13763.1 13046.2 14800.3 14795.6 13763.1 14899.2 14238.3 15193.4 13763.1 17157.3 17003.3 14376.6 16074.9 16078.9 14754.8
87 13763.1 13796.5 13763.1 12686.4 13766.6 13595.5 12093.2 14470.2 13961 13763.1 13763.1 14070 14130.9 13220.2 14482.5 13763.1 13046.2 14800.3 14795.6 13763.1 14899.2 14238.3 15193.4 13763.1 17157.3 17003.3 14376.6 16074.9 16078.9 14754.8
88 13763.1 13796.5 13763.1 12686.4 13766.6 13595.5 12093.2 14470.2 13961 13763.1 13763.1 14070 14130.9 13220.2 14482.5 13763.1 13046.2 14800.3 14795.6 13763.1 14899.2 14238.3 15193.4 13763.1 17157.3 17003.3 14376.6 17535.6 16078.9 14754.8
89 13763.1 13796.5 13763.1 12686.4 13766.6 13595.5 12093.2 14470.2 13961 13763.1 13763.1 14070 14130.9 13220.2 14482.5 13763.1 13046.2 14800.3 14795.6 13763.1 14899.2 14238.3 15193.4 13763.1 17157.3 17003.3 14376.6 17535.6 16078.9 14754.8
90 13763.1 13796.5 13763.1 12686.4 13766.6 13595.5 12093.2 14470.2 13961 13763.1 13763.1 14070 14130.9 13220.2 14482.5 13763.1 13046.2 14800.3 14795.6 13763.1 14899.2 14238.3 15193.4 13763.1 17157.3 17003.3 14376.6 17535.6 16078.9 14754.8
91 13763.1 13796.5 13763.1 12686.4 13766.6 13595.5 12093.2 14470.2 13961 13763.1 13763.1 14070 14130.9 13220.2 14482.5 13763.1 13046.2 14800.3 14795.6 13763.1 14899.2 14238.3 15193.4 13763.1 17157.3 17003.3 14376.6 17535.6 16078.9 14754.8
92 13763.1 13796.5 13763.1 12686.4 13766.6 13595.5 12093.2 14470.2 13961 13763.1 13763.1 14070 14130.9 13220.2 14482.5 13763.1 13046.2 14800.3 14795.6 13763.1 14899.2 14238.3 15193.4 13763.1 17157.3 17003.3 14376.6 17535.6 16078.9 14754.8
93 13763.1 13796.5 13763.1 12686.4 13766.6 13595.5 12093.2 14470.2 13961 13763.1 13763.1 14070 14130.9 13220.2 14482.5 13763.1 13046.2 14800.3 14795.6 13763.1 14899.2 14238.3 15193.4 13763.1 17157.3 17003.3 14376.6 17535.6 16078.9 14754.8
94 13763.1 13796.5 13763.1 12686.4 13766.6 13595.5 12093.2 14470.2 13961 13763.1 13763.1 14070 14130.9 13220.2 14482.5 13763.1 13046.2 14800.3 14795.6 13763.1 14899.2 15299.4 15193.4 13763.1 17157.3 17003.3 14376.6 17535.6 16078.9 14754.8
95 13763.1 13796.5 13763.1 12686.4 13766.6 13595.5 12093.2 14470.2 13961 13763.1 13763.1 14070 14130.9 13220.2 14482.5 13763.1 13046.2 14800.3 14795.6 13763.1 14899.2 15299.4 15193.4 13763.1 17157.3 17003.3 14376.6 17535.6 16078.9 14754.8
96 13763.1 13796.5 13763.1 12686.4 13766.6 13595.5 12093.2 14470.2 13961 13763.1 13763.1 14070 14130.9 13220.2 14482.5 13763.1 13046.2 14800.3 14795.6 13763.1 14899.2 15299.4 15193.4 13763.1 17157.3 17003.3 14376.6 17535.6 16078.9 14754.8
97 13763.1 13796.5 13763.1 12686.4 13766.6 13595.5 12093.2 14470.2 13961 13763.1 13763.1 14070 14130.9 13220.2 14482.5 13763.1 13046.2 14800.3 14795.6 13763.1 14899.2 15299.4 15193.4 13763.1 17157.3 17003.3 14376.6 17535.6 16078.9 14754.8
98 13763.1 13796.5 13763.1 12686.4 13766.6 13595.5 12093.2 14470.2 13961 13763.1 13763.1 14070 14130.9 13220.2 14482.5 13763.1 13046.2 14800.3 14795.6 13763.1 14899.2 15299.4 15193.4 13763.1 17157.3 17003.3 14376.6 17535.6 16078.9 14754.8
99 13763.1 13796.5 13763.1 12686.4 13766.6 13595.5 12093.2 14470.2 13961 13763.1 13763.1 14070 14130.9 13220.2 14482.5 13763.1 13046.2 14800.3 14795.6 13763.1 14899.2 15299.4 15193.4 13763.1 17157.3 17003.3 15184.1 17535.6 16078.9 14754.8
100 13763.1 13796.5 13763.1 12686.4 13766.6 13595.5 12093.2 14470.2 13961 13763.1 13763.1 14070 14130.9 13220.2 14482.5 13763.1 13046.2 14800.3 14795.6 13763.1 14899.2 15299.4 15193.4 13763.1 17157.3 17003.3 15184.1 17535.6 16078.9 14754.8
