[0,	0.05>	1	0
[0.05,	0.15>	1	0.03
[0.15,	0.3>	1	0.07
[0.3,	0.45>	1	0.12
[0.45,	0.55>	1	0.15
[0.55,	0.65>	1	0.17
[0.65,	0.75>	1	0.18
[0.75,	0.9>	1	0.20
[0.9,	1.1>	1	0.23
[1.1,	1.3>	1	0.25
[1.3,	1.4>	1	0.26
[1.4,	1.6>	1	0.28
[1.6,	1.9>	1	0.30
[1.9,	2.1>	1	0.32
[2.1,	2.3>	1	0.35
[2.3,	2.4>	1	0.38
[2.4,	2.6>	1	0.41
[2.6,	2.8>	1	0.44
[2.8,	2.9>	1	0.47
[2.9,	3.1>	1	0.50
[3.1,	3.3>	1	0.55
[3.3,	3.4>	1	0.58
[3.4,	3.6>	1	0.62
[3.6,	3.8>	1	0.67
[3.8,	3.9>	1	0.71
[3.9,	4.1>	1	0.75
[4.1,	4.3>	1	0.81
[4.3,	4.4>	1	0.86
[4.4,	4.6>	1	0.91
[4.6,	4.8>	1	0.94
[4.8,	4.9>	1	0.96
[4.9,	>	1	1
[0,	0.05>	3	0
[0.05,	0.15>	3	0.015216869
[0.15,	0.3>	3	0.03
[0.3,	0.45>	3	0.05
[0.45,	0.55>	3	0.07
[0.55,	0.65>	3	0.08
[0.65,	0.75>	3	0.09
[0.75,	0.9>	3	0.11
[0.9,	1.1>	3	0.13
[1.1,	1.3>	3	0.15
[1.3,	1.4>	3	0.16
[1.4,	1.6>	3	0.17
[1.6,	1.9>	3	0.19
[1.9,	2.1>	3	0.21
[2.1,	2.3>	3	0.22
[2.3,	2.4>	3	0.24
[2.4,	2.6>	3	0.25
[2.6,	2.8>	3	0.26
[2.8,	2.9>	3	0.27
[2.9,	3.1>	3	0.28
[3.1,	3.3>	3	0.35
[3.3,	3.4>	3	0.41
[3.4,	3.6>	3	0.46
[3.6,	3.8>	3	0.53
[3.8,	3.9>	3	0.59
[3.9,	4.1>	3	0.64
[4.1,	4.3>	3	0.71
[4.3,	4.4>	3	0.77
[4.4,	4.6>	3	0.82
[4.6,	4.8>	3	0.90
[4.8,	4.9>	3	0.95
[4.9,	>	3	1.00
[0,	0.05>	4	0.00
[0.05,	0.15>	4	0.02
[0.15,	0.3>	4	0.04
[0.3,	0.45>	4	0.06
[0.45,	0.55>	4	0.08
[0.55,	0.65>	4	0.09
[0.65,	0.75>	4	0.10
[0.75,	0.9>	4	0.12
[0.9,	1.1>	4	0.14
[1.1,	1.3>	4	0.16
[1.3,	1.4>	4	0.17
[1.4,	1.6>	4	0.19
[1.6,	1.9>	4	0.21
[1.9,	2.1>	4	0.23
[2.1,	2.3>	4	0.25
[2.3,	2.4>	4	0.26
[2.4,	2.6>	4	0.27
[2.6,	2.8>	4	0.29
[2.8,	2.9>	4	0.30
[2.9,	3.1>	4	0.31
[3.1,	3.3>	4	0.38
[3.3,	3.4>	4	0.43
[3.4,	3.6>	4	0.48
[3.6,	3.8>	4	0.55
[3.8,	3.9>	4	0.60
[3.9,	4.1>	4	0.65
[4.1,	4.3>	4	0.72
[4.3,	4.4>	4	0.78
[4.4,	4.6>	4	0.83
[4.6,	4.8>	4	0.89
[4.8,	4.9>	4	0.94
[4.9,	>	4	1.00
[0,	0.05>	5	0.00
[0.05,	0.15>	5	0.05
[0.15,	0.3>	5	0.12
[0.3,	0.45>	5	0.19
[0.45,	0.55>	5	0.26
[0.55,	0.65>	5	0.28
[0.65,	0.75>	5	0.30
[0.75,	0.9>	5	0.34
[0.9,	1.1>	5	0.38
[1.1,	1.3>	5	0.41
[1.3,	1.4>	5	0.44
[1.4,	1.6>	5	0.47
[1.6,	1.9>	5	0.51
[1.9,	2.1>	5	0.56
[2.1,	2.3>	5	0.58
[2.3,	2.4>	5	0.60
[2.4,	2.6>	5	0.62
[2.6,	2.8>	5	0.65
[2.8,	2.9>	5	0.66
[2.9,	3.1>	5	0.68
[3.1,	3.3>	5	0.72
[3.3,	3.4>	5	0.74
[3.4,	3.6>	5	0.77
[3.6,	3.8>	5	0.80
[3.8,	3.9>	5	0.82
[3.9,	4.1>	5	0.85
[4.1,	4.3>	5	0.88
[4.3,	4.4>	5	0.90
[4.4,	4.6>	5	0.93
[4.6,	4.8>	5	0.96
[4.8,	4.9>	5	0.99
[4.9,	>	5	1.00
[0,	0.05>	6	0.00
[0.05,	0.15>	6	0.04
[0.15,	0.3>	6	0.09
[0.3,	0.45>	6	0.15
[0.45,	0.55>	6	0.20
[0.55,	0.65>	6	0.21
[0.65,	0.75>	6	0.23
[0.75,	0.9>	6	0.25
[0.9,	1.1>	6	0.28
[1.1,	1.3>	6	0.31
[1.3,	1.4>	6	0.33
[1.4,	1.6>	6	0.35
[1.6,	1.9>	6	0.38
[1.9,	2.1>	6	0.41
[2.1,	2.3>	6	0.43
[2.3,	2.4>	6	0.44
[2.4,	2.6>	6	0.46
[2.6,	2.8>	6	0.47
[2.8,	2.9>	6	0.49
[2.9,	3.1>	6	0.50
[3.1,	3.3>	6	0.55
[3.3,	3.4>	6	0.59
[3.4,	3.6>	6	0.63
[3.6,	3.8>	6	0.68
[3.8,	3.9>	6	0.72
[3.9,	4.1>	6	0.75
[4.1,	4.3>	6	0.80
[4.3,	4.4>	6	0.84
[4.4,	4.6>	6	0.88
[4.6,	4.8>	6	0.92
[4.8,	4.9>	6	0.94
[4.9,	>	6	1.00
[0,	0.05>	2	0.00
[0.05,	0.15>	2	0.10
[0.15,	0.3>	2	0.23
[0.3,	0.45>	2	0.38
[0.45,	0.55>	2	0.50
[0.55,	0.65>	2	0.53
[0.65,	0.75>	2	0.56
[0.75,	0.9>	2	0.59
[0.9,	1.1>	2	0.64
[1.1,	1.3>	2	0.69
[1.3,	1.4>	2	0.72
[1.4,	1.6>	2	0.76
[1.6,	1.9>	2	0.82
[1.9,	2.1>	2	0.88
[2.1,	2.3>	2	0.90
[2.3,	2.4>	2	0.91
[2.4,	2.6>	2	0.93
[2.6,	2.8>	2	0.94
[2.8,	2.9>	2	0.95
[2.9,	3.1>	2	0.96
[3.1,	3.3>	2	0.97
[3.3,	3.4>	2	0.98
[3.4,	3.6>	2	1.00
[3.6,	3.8>	2	1.00
[3.8,	3.9>	2	1.00
[3.9,	4.1>	2	1.00
[4.1,	4.3>	2	1.00
[4.3,	4.4>	2	1.00
[4.4,	4.6>	2	1.00
[4.6,	4.8>	2	1.00
[4.8,	4.9>	2	1.00
[4.9,	>	2	1.00
[0,	0.05>	7	0.00
[0.05,	0.15>	7	0.06
[0.15,	0.3>	7	0.13
[0.3,	0.45>	7	0.22
[0.45,	0.55>	7	0.29
[0.55,	0.65>	7	0.31
[0.65,	0.75>	7	0.33
[0.75,	0.9>	7	0.36
[0.9,	1.1>	7	0.39
[1.1,	1.3>	7	0.42
[1.3,	1.4>	7	0.44
[1.4,	1.6>	7	0.47
[1.6,	1.9>	7	0.50
[1.9,	2.1>	7	0.54
[2.1,	2.3>	7	0.57
[2.3,	2.4>	7	0.58
[2.4,	2.6>	7	0.60
[2.6,	2.8>	7	0.62
[2.8,	2.9>	7	0.64
[2.9,	3.1>	7	0.66
[3.1,	3.3>	7	0.70
[3.3,	3.4>	7	0.72
[3.4,	3.6>	7	0.75
[3.6,	3.8>	7	0.79
[3.8,	3.9>	7	0.81
[3.9,	4.1>	7	0.84
[4.1,	4.3>	7	0.88
[4.3,	4.4>	7	0.91
[4.4,	4.6>	7	0.94
[4.6,	4.8>	7	0.95
[4.8,	4.9>	7	0.96
[4.9,	>	7	0.97
[0,	0.05>	8	0.00
[0.05,	0.15>	8	0.03
[0.15,	0.3>	8	0.06
[0.3,	0.45>	8	0.10
[0.45,	0.55>	8	0.14
[0.55,	0.65>	8	0.15
[0.65,	0.75>	8	0.16
[0.75,	0.9>	8	0.18
[0.9,	1.1>	8	0.20
[1.1,	1.3>	8	0.21
[1.3,	1.4>	8	0.22
[1.4,	1.6>	8	0.24
[1.6,	1.9>	8	0.25
[1.9,	2.1>	8	0.27
[2.1,	2.3>	8	0.30
[2.3,	2.4>	8	0.33
[2.4,	2.6>	8	0.35
[2.6,	2.8>	8	0.39
[2.8,	2.9>	8	0.42
[2.9,	3.1>	8	0.44
[3.1,	3.3>	8	0.50
[3.3,	3.4>	8	0.54
[3.4,	3.6>	8	0.58
[3.6,	3.8>	8	0.64
[3.8,	3.9>	8	0.68
[3.9,	4.1>	8	0.72
[4.1,	4.3>	8	0.80
[4.3,	4.4>	8	0.85
[4.4,	4.6>	8	0.91
[4.6,	4.8>	8	0.94
[4.8,	4.9>	8	0.97
[4.9,	>	8	1.00
[0,	3>	9	0
[3,	3.05>	9	0
[3.05,	3.15>	9	0.03
[3.15,	3.3>	9	0.07
[3.3,	3.45>	9	0.12
[3.45,	3.55>	9	0.15
[3.55,	3.65>	9	0.17
[3.65,	3.75>	9	0.18
[3.75,	3.9>	9	0.20
[3.9,	4.1>	9	0.23
[4.1,	4.3>	9	0.25
[4.3,	4.4>	9	0.26
[4.4,	4.6>	9	0.28
[4.6,	4.9>	9	0.30
[4.9,	5.1>	9	0.32
[5.1,	5.3>	9	0.35
[5.3,	5.4>	9	0.38
[5.4,	5.6>	9	0.41
[5.6,	5.8>	9	0.44
[5.8,	5.9>	9	0.47
[5.9,	6.1>	9	0.50
[6.1,	6.3>	9	0.55
[6.3,	6.4>	9	0.58
[6.4,	6.6>	9	0.62
[6.6,	6.8>	9	0.67
[6.8,	6.9>	9	0.71
[6.9,	7.1>	9	0.75
[7.1,	7.3>	9	0.81
[7.3,	7.4>	9	0.86
[7.4,	7.6>	9	0.91
[7.6,	7.8>	9	0.94
[7.8,	7.9>	9	0.96
[7.9,	>	9	1
[0,	0.05>	10	0
[0.05,	0.15>	10	0.003
[0.15,	0.3>	10	0.007
[0.3,	0.45>	10	0.012
[0.45,	0.55>	10	0.015
[0.55,	0.65>	10	0.017
[0.65,	0.75>	10	0.018
[0.75,	0.9>	10	0.020
[0.9,	1.1>	10	0.023
[1.1,	1.3>	10	0.025
[1.3,	1.4>	10	0.026
[1.4,	1.6>	10	0.028
[1.6,	1.9>	10	0.030
[1.9,	2.1>	10	0.032
[2.1,	2.3>	10	0.035
[2.3,	2.4>	10	0.038
[2.4,	2.6>	10	0.041
[2.6,	2.8>	10	0.044
[2.8,	2.9>	10	0.047
[2.9,	3.1>	10	0.050
[3.1,	3.3>	10	0.055
[3.3,	3.4>	10	0.058
[3.4,	3.6>	10	0.062
[3.6,	3.8>	10	0.067
[3.8,	3.9>	10	0.071
[3.9,	4.1>	10	0.075
[4.1,	4.3>	10	0.081
[4.3,	4.4>	10	0.086
[4.4,	4.6>	10	0.091
[4.6,	4.8>	10	0.094
[4.8,	4.9>	10	0.096
[4.9,	>	10	0.1


















