1 13957.6399896389 14086.23016243 14010.2349907627 13987.1287436203 13939.8592834723 14029.8959080977 13998.6995169284 14028.7235915377 13918.6309104889 14029.9716950155 13958.1453829953 14088.8753023756 14010.5316055082 13986.6751050699 13940.2895665703 14029.8423454839 13998.1721167029 14028.8812043102 13918.6292113651 14029.9997022327 13959.8756243702 14091.3339573063 14011.1588496845 13986.7322856152 13940.76133273 14029.7213503835 13997.2413516885 14029.0969864822 13918.6101465337 14030.05604739
2 13998.7414155054 14133.7159903538 13979.9459079816 14033.7934046976 13973.403593537 14041.8983357533 13917.284014085 14076.098150518 13942.0746855527 13971.3160397097 13999.206900228 14136.7538747367 13979.6511081293 14033.1549834577 13973.8354474967 14042.7773926687 13917.1104598756 14075.8939083754 13941.7264157535 13970.8870092145 14000.8481811889 14138.0063376168 13979.3153921567 14032.8348137422 13973.8556472236 14046.1090883112 13917.3813914509 14075.4316265169 13941.7829240125 13969.8193939366
3 14009.055404443 14293.6527231336 13920.4093579673 13975.1747274067 13914.1277533001 14025.5017088704 13950.8312468058 14092.0397822913 13977.326475529 13925.3702987416 14008.7726314684 14304.6076784544 13919.7522803669 13973.7500707226 13914.3149719966 14027.4516667442 13949.1917063854 14091.039358854 13977.3070989975 13924.8839502032 14008.3484744343 14322.2027390417 13918.8473113129 13972.5241060959 13913.4750367086 14033.2125637899 13948.0439980736 14092.6691758559 13977.578040481 13922.7017855661
4 13958.4520681929 14309.3117515692 13861.004119944 14020.3416484609 13956.9874369885 13998.4702526284 13922.5891377198 14046.7963889674 13980.5814228978 13969.1093848335 13956.0346126008 14315.8617066356 13860.286340415 14019.178081013 13956.9937509117 13998.9633391395 13919.9789269497 14044.6137219165 13979.3499292141 13968.1209909682 13953.468779264 14328.2262411215 13859.5614821663 14018.7458529208 13955.992324463 14004.3479614868 13916.6076716146 14049.4169851318 13978.5178607746 13965.4519946313
5 13939.8489267838 14354.8438736281 13871.3693218187 14538.3001516609 13992.409704472 14041.3315969433 13940.4488566577 14121.8406584276 13931.0812334003 13906.1111746413 13935.2589920613 14363.1505590662 13869.2492073938 14557.8494511575 13994.5084922676 14040.6025009663 13938.1037083803 14123.8751120052 13930.1718841191 13905.246315161 13932.5744022223 14377.5111676661 13865.5211673303 14602.3770692531 13996.3867900176 14045.5226382372 13929.6457763517 14152.7195395096 13932.0336202568 13903.1720272002
6 13858.2552125981 14277.3613280467 13841.4891902074 14496.4377205699 14000.2796561111 14093.1909956024 13884.315571742 14136.9264600658 13874.2486112816 13875.2282797365 13864.5235357746 14286.6173446809 13839.3159607465 14512.8826540093 14004.6156639227 14093.0667129543 13881.3944013448 14139.4785430059 13874.3449590671 13873.087233135 13872.289497652 14305.0494789069 13835.1515095151 14554.4952421616 13996.0752931692 14098.6122884538 13872.545461338 14167.2588011046 13878.5784125003 13869.2222158582
7 13864.0131503653 14276.4583742933 13818.606150886 14435.846268395 13980.0694540234 14142.5591928925 13831.5892328663 14194.9513492984 13917.9844190246 13858.3944194797 13871.6637988838 14284.7364388766 13813.7000586111 14450.0728586583 13983.2012698346 14144.1141391414 13827.8514085041 14197.3823963057 13918.0904853923 13854.5434925588 13877.979317723 14307.2558751301 13807.7969053532 14488.063137086 13978.6195581525 14151.2831896506 13818.0949355055 14226.2173022633 13922.5529918839 13847.1859222162
8 13813.5804666216 14305.0511730909 13812.0613554234 14361.7982273832 13916.8865105852 14135.8682006143 13792.6754844244 14246.5391966919 13857.9742101476 13813.2501954164 13820.4712480785 14309.1484895529 13805.1678595579 14376.404670688 13919.4409191261 14140.8337264476 13792.3954939622 14241.823169843 13859.0879366541 13807.9960707321 13825.4229661444 14330.3118497739 13794.9131877036 14413.8202317126 13914.8296185633 14127.2845289397 13790.1112929105 14261.3841369837 13869.1176701924 13798.2175921382
9 13762.6898865438 14235.9415751834 13844.7214144624 14295.8764149506 13881.7349813738 14114.757646815 13741.4750869647 14252.3626436488 13816.9739784887 13760.3866741511 13772.9787923432 14242.5886439499 13836.7068889351 14309.3797372993 13889.1308786654 14117.0719501667 13741.2104519224 14238.7591135991 13815.4381508236 13755.9636916279 13784.3300254557 14269.2467927932 13827.4783704935 14344.8763082749 13893.2609654048 14103.3112230617 13739.3282946766 14249.4044621861 13819.6176607761 13745.6398562149
10 13755.5336207383 14383.5535826849 13789.8315123203 14346.1378139891 13836.2691941977 14173.9177953171 13713.6292765282 14286.9607559955 13842.2297913404 13743.1540594616 13764.194785618 14406.1496740733 13782.9084581084 14360.5951974965 13841.1326113702 14176.4751114517 13710.15477178 14269.7754987276 13838.1110663292 13737.0709310187 13770.0938669648 14487.9407173252 13774.0519931906 14397.0116444365 13841.6843586892 14161.1886432184 13704.0910077464 14270.498719291 13842.9660248345 13724.9775591991
11 13768.2697860788 14419.9061775491 13754.0898771963 14309.3622815437 13863.0116408275 14236.7584846986 13727.4494470624 14226.8801812627 13884.042787184 13779.5615828238 13781.7841203343 14436.4962568418 13749.1489334432 14328.9652241668 13866.9350585324 14239.8130532 13719.5586461261 14217.9927608368 13880.556836614 13773.0891337482 13785.902612156 14506.3648500994 13728.7932898838 14383.4156129329 13860.6142503494 14223.4072640156 13706.8457106625 14228.1939184267 13885.8330346716 13760.106093495
12 13723.0159078822 14447.4987654498 13775.527951368 14406.5510761214 13809.8132574407 14192.782940314 13742.6028755256 14153.5984020225 13916.3782660815 13792.9238771772 13735.1963592783 14460.8062007316 13770.4888270363 14454.7435932065 13816.1849148068 14192.9108131481 13733.3432439559 14145.393857114 13916.9737384623 13785.9333357034 13737.0634148226 14531.0758901276 13746.5387614473 14561.6728866901 13817.7722551452 14174.3508844987 13717.0977234462 14152.1702844899 13927.0940624327 13767.1923189419
13 13684.9150772442 14428.6537138627 13738.8099641846 14406.395027101 13845.300960995 14119.0402697634 13697.7590022262 14144.5187484205 13964.7777538241 13786.2307754913 13694.3781036622 14437.9112296675 13731.1036300127 14470.7308081061 13849.8475326859 14118.5909524744 13687.6503770186 14131.9269216911 13965.6404184466 13776.4984064665 13694.1717839115 14498.0263896377 13705.0566948722 14642.3695140957 13846.1415379243 14098.9511504796 13671.3529105731 14131.0432347914 13973.375794615 13750.1227025033
14 13710.2733208325 15271.8717149716 13690.4038111012 14816.9181536944 13835.8876504956 14047.5353316967 13708.5866562347 14076.2619727176 13988.4791156647 13857.6054087276 13718.700822896 15382.3941676847 13687.2397760832 14887.0228809322 13843.9961945889 14046.0133358441 13695.6283942428 14067.6142898404 13986.7960425184 13869.3381820191 13721.0028414776 15499.0385037994 13677.3241405829 15138.7723154926 13865.8582196999 14027.3378459946 13673.7112323932 14067.6818707935 14000.4291645934 13847.8633832174
15 13696.8826490959 15327.5082057609 13648.9283680806 14854.4537104462 13837.9259022114 13980.7559468178 13677.0444792473 14091.7844279265 13967.5123141002 13839.3210641327 13703.1202845675 15429.0286676368 13649.6149156878 14920.1491187986 13840.1826925885 13977.9289676819 13669.1709297154 14096.2629798986 13986.2692153186 13847.4661110694 13705.5517261913 15540.9736545094 13650.1230815429 15169.0956633146 13850.1841264062 13960.105487968 13650.3230541009 14109.147277252 14031.645074702 13817.6741886937
16 13719.8078231354 15263.8865533114 13673.9353265586 14771.112312166 13825.7966930461 14014.5493734237 13652.0966210855 15250.1230023826 13983.5550863316 13880.0628843487 13725.5497705107 15358.4437649877 13673.2206706679 14834.842615781 13825.5037204785 14013.9449210442 13646.3661229455 15372.6956110565 14010.4170277599 13887.6366906278 13723.012728992 15458.3253438753 13674.1950474272 15079.6949503724 13853.7127104702 13996.2606106119 13626.4950930045 15618.1022106961 14070.2478222621 13852.6747209238
17 13732.8254621947 15275.9272867509 13686.9592652388 14697.6906353913 13864.575957996 14064.9643474681 13623.4644245597 15186.0852679049 14037.8326474374 13890.7976092834 13734.8830518947 15362.4813398575 13683.8599160953 14757.2809327965 13864.570953215 14064.5064278787 13623.2165213398 15319.782197751 14065.2084587485 13896.8607687851 13727.0077398539 15453.9994120552 13686.6711208711 14993.2063730508 13896.0830426716 14041.7911580276 13611.0900581177 15599.6019276815 14127.8235806016 13856.1563900842
18 13766.3012160366 15339.081206133 13721.0892772743 14863.5929852203 13820.6729206288 14066.0400774002 13581.3375873381 15112.2765780196 14038.5630233151 13837.7404057627 13768.7521628953 15418.7254087618 13717.1407619974 14931.5696203559 13814.7443763935 14062.0357905297 13581.4029251891 15245.8707130008 14055.1700896736 13842.7135948395 13757.7634508111 15506.5579321365 13718.1350281041 15233.6626993911 13839.8975549752 14035.0382806594 13572.6191170301 15521.1082495476 14100.3562007894 13802.2750400203
19 13734.6742363717 15323.9307137091 13751.1860707184 14899.2988995298 13856.197283203 13997.8084973516 13609.2159353593 15122.9893341508 13968.607048449 13874.8950978549 13731.4615997461 15394.3050851175 13748.6112434708 14957.0419360108 13855.3422577108 13997.1876929158 13609.2620698518 15293.4824496636 13984.4675792637 13881.2585864521 13712.4435778302 15470.4675669533 13747.1724449154 15239.1268859088 13881.9415458065 13977.9853939354 13599.572166802 15645.7806830483 14028.4322883455 13840.5393822036
20 13692.3437406813 15394.7082554023 13702.2883106869 14819.8947858596 13877.0090574903 14050.1745229333 13603.5048357259 16218.5250524076 14074.6867518657 13854.3474584493 13694.034902966 15466.1764149081 13699.4157549345 14875.3469351032 13870.3957666456 14049.8465742566 13604.1546161586 16516.0143086112 14120.8709043328 13854.8018273078 13683.5095577302 15542.8227087555 13696.6212891744 15150.1953269507 13890.2218143016 14028.219960992 13578.4039864225 17051.8443677516 14282.96058695 13807.7610288168
21 13647.3247585374 15464.7867950791 13668.9205741351 14756.0371178196 13821.1538778107 14006.5010192975 13562.3679604747 16272.5497512127 14065.8433862434 13831.3475959942 13647.6881091147 15543.1551191886 13673.3146779456 14804.9154671327 13813.2950065149 13999.3917800583 13563.9366676743 16576.1751665073 14129.5965694648 13826.4121075958 13637.4332216444 15622.3170912768 13690.3911208927 15068.6060398357 13832.7487162791 13976.6725485623 13539.0407220032 17109.0754284024 14301.5901196061 13772.4805743726
22 13603.0605378278 15550.5151843358 14467.3566078915 14702.8149157982 13851.8558423945 14054.6893154606 13574.0417250506 16173.9524748743 14008.8058694439 13778.8424668777 13604.780452722 15628.5091925548 14608.6148891823 14761.7132915076 13849.6754921074 14043.3332985635 13565.3135319931 16473.8135030156 14069.1516506917 13773.8146219852 13596.6299582254 15702.5100351659 15062.7676522819 15047.6409911263 13873.9411721687 14014.3238686948 13525.5763345572 17009.2610002468 14227.6013702282 13722.6007842666
23 13570.0215509496 15546.463112765 14411.2051579021 14663.6444830765 13798.3138819161 13985.1058391603 13594.7185799827 16206.779535023 13958.9019327164 13746.7351897975 13568.4153400256 15620.3756627638 14548.1919289872 14720.5104145411 13801.7773219608 13973.3992131482 13589.2808446385 16497.1925381143 14014.7767311961 13738.7285270575 13556.5944828909 15674.2382685888 15005.9237042233 15018.1578203142 13838.8261627128 13949.1262858451 13550.6074495927 17014.3545118046 14162.7036062523 13684.7986987137
24 13529.5949962863 15562.3456065326 14358.2137510886 14690.9796507372 13744.4925229577 13978.774821795 13577.1860629895 16279.9905789961 14003.9648492418 13746.4327867289 13529.7608381253 15660.0756869951 14492.3122220958 14741.4673551228 13747.4520888113 13950.8821667703 13565.7685544854 16577.5825804722 14065.9770873419 13735.3837907682 13530.2189949185 15737.3710949667 14947.8684708465 15029.8680438889 13785.4664011798 13907.2657074768 13528.9924348325 17095.8729479737 14221.2217592784 13679.5648920506
25 13494.0736279707 15652.0350025731 14397.6516434266 14716.1898786628 13702.0736111443 13921.2566236372 13571.6648975834 16357.3954631693 15579.7813677048 13736.6267939585 13493.3702944696 15753.02187455 14528.6944267426 14757.2890390192 13700.5294348831 13892.6597755408 13555.3266101608 16651.4088493984 15847.171066039 13718.6323684114 13492.3514700843 15827.0549028602 14986.9069420829 15026.8070401161 13734.4678285775 13848.5119018635 13523.1554778192 17184.331914487 16404.3837640571 13664.941289767
26 13457.205988873 15670.0018074615 14433.4018190708 14666.0499999931 13684.5057170204 13925.456625525 13574.5611595124 16355.9669016947 15584.7967127287 13695.0664955974 13458.2820048728 15754.0236425883 14568.7438722899 14708.335520299 13672.9180030191 13888.745944483 13562.1137036117 16634.5570953518 15840.1267559315 13684.3932965568 13464.3895699866 15827.7854714495 15030.1827361772 15002.8507670772 13697.2060245345 13837.4989844668 13522.1202807155 17131.1265854531 16444.5403797553 13657.0746190601
27 13474.720258475 15645.8964558572 14431.0434376125 14719.909750331 13657.0965055969 13928.638258338 13545.7565982131 16442.7458006297 15639.1603550296 13648.0460924686 13473.395901179 15707.0886669152 14548.0149949144 14759.5582470073 13652.5338335079 13879.1696934466 13533.3765665084 16722.4888682393 15899.0685481467 13639.6323253741 13472.8885011619 15752.388726182 14988.5863289848 15055.1849912298 13670.9195077094 13828.4790440078 13490.0691113658 17221.5697579293 16512.9319289418 13631.1173405698
28 13439.6794788989 15558.680260347 14471.2590566692 14648.917069266 13615.4849754638 13928.3150539454 13560.3161548334 16406.9345357237 15607.0874430634 13680.2551333382 13438.938814204 15608.350081595 14583.8598916774 14687.1541982863 13610.2501525703 13861.6019390923 13543.4093736331 16665.3374542922 15892.8733167137 13671.1339602699 13437.875328225 15646.5864015929 15009.4966321187 14980.1445035838 13625.3430248853 13794.7786288903 13489.3389945764 17143.0100912923 16475.9787256625 13661.7918735952
29 13434.0093611716 15699.6101042273 14435.1581944729 14702.5831454654 13630.849199914 13866.0889385918 13561.0460419349 16493.4855730392 15553.5074982932 13667.637793956 13439.5497884383 15799.8174955427 14541.4315427672 14742.1107073288 13622.9194165479 13803.8149844497 13539.3780834408 16750.9372858713 15819.5702794401 13646.6503915918 13428.0219391183 15932.3013088918 14976.064358899 15041.2967518979 13657.6523002857 13743.1154730508 13477.5012453103 17232.2238543849 16380.7968939346 13624.7328545744
30 13405.3100979463 15695.3909700902 14405.2206852174 15055.7067993325 13629.6605753667 13807.3253822922 13590.4901019755 16382.6498471493 15540.3160615739 13642.2823983294 13409.4353736998 15841.8029334105 14534.9764286555 15224.2694643465 13623.1949877436 13749.5592961419 13567.0766026288 16649.0633555463 15796.9652829986 13620.1282027357 13401.4661196599 16013.0042142798 15010.8714588579 15836.2023228805 13624.5218888857 13702.9829567426 13501.4133757635 17082.6558161937 16428.2544093254 13599.8720250399
31 13387.267065131 15703.6965792244 14347.2972936091 14976.3529542466 13659.5475324604 13908.6293107857 13562.434823743 16281.5561243936 15566.9902246997 13600.3462001644 13386.5691994765 15832.2201422608 14479.0333001513 15146.9544486106 13647.7766193647 13896.9287962295 13528.8043613592 16544.2938777193 15826.8840685305 13581.4388968614 13377.0077174235 15991.0967125063 14960.5986599236 15756.5718965959 13640.52463513 14012.8134154996 13466.8703253862 16998.5286373256 16466.6469858214 13568.9053926281
32 13358.0022740299 15595.5043649051 14321.2958093628 14945.1902535788 13613.7997275124 13949.1589545725 13584.3778790658 16183.3380193349 15643.6567564714 13558.2757635992 13360.8216283271 15738.3621252883 14455.7298896649 15106.272076253 13606.1546095667 13928.8187466593 13541.8171282123 16448.8127857323 15966.3589708944 13540.0315438253 13371.0724118503 15933.1229470812 15016.33079089 15681.5224983605 13596.8454439387 14028.9764475862 13469.9184920532 16919.9029391865 16596.5187983506 13533.628319066
33 13327.2085445633 15495.015450472 14315.1526440801 14872.6113054561 13646.6044003672 13890.8837839738 13586.9398477359 16137.2996109995 15665.7330147619 13528.8616510545 13332.0123315812 15656.2667560672 14447.0707354958 15052.9293238378 13639.0541005154 13870.9482142078 13536.9759209624 16389.1517631189 15980.2443374945 13520.1786472312 13353.3508592735 15900.1748393628 14987.6984889717 15685.7456225242 13624.8951006191 13971.7378620033 13477.5538282234 16849.5126487157 16592.7767127254 13513.3332136415
34 13305.2833967859 15542.9336008316 14271.4214371281 14831.7660994709 13607.1204410269 13919.1592699716 13607.1611793983 16201.6093793328 15717.0037144095 13513.4102993747 13306.0300542985 15681.9798429263 14413.0293141516 15001.2873476803 13597.618974864 13904.3586312291 13550.6890680406 16458.1744416222 16019.4410398926 13501.1118344616 13326.181572814 15904.7734759964 14951.906804967 15608.0415501242 13581.2465811693 14009.6897494318 13485.155892489 16919.5802821613 16610.9238855085 13482.6732687909
35 13328.4681148767 15480.7726013113 14228.6593014774 14837.8164324809 13638.737064164 13914.799244939 13581.3242905427 16118.8667240094 15635.3624550307 13550.2247442834 13338.1777695548 15610.9963790137 14367.1716756097 14986.1071664079 13629.4012471679 13914.9982712408 13523.0800578266 16366.9625285721 15928.8779209171 13555.8194095802 13412.0414145035 15813.645603039 14897.942661512 15581.9376593826 13612.0947139344 14081.2535444171 13454.3687559577 16844.3794445296 16514.7917823419 13607.0815013926
36 13343.1829686533 15564.1166724633 14180.6376220131 14883.8431921278 13668.5291548453 13961.576989673 13675.0340749225 16087.2213454796 15568.6547871385 13512.9810565748 13349.7388043428 15695.6451654371 14328.450922994 15029.2547831566 13656.2630443654 13955.2917183343 13660.0572144227 16328.1794442044 15850.4608060889 13517.9158024213 13419.3390978268 15901.6909491417 14889.6636497625 15622.7626819585 13628.7176228355 14128.6676485945 13710.1655134947 16773.3251771603 16418.8896429503 13568.3517536524
37 14847.0035028423 15460.8465717283 14215.6590516739 14815.5321232931 13705.7811530209 13934.4820350844 13699.0193565386 15998.7440842062 15552.319991486 13478.7095230846 15022.3718721461 15594.8420834293 14357.8497752932 14965.4824052845 13690.6385663344 13920.2074383709 13679.8755886562 16241.3496411865 15819.1579430261 13481.5321584852 15643.1099240845 15824.533828217 14909.6932755046 15597.5128108619 13653.2885811818 14078.7381249183 13717.919108766 16698.832049534 16366.1265669833 13533.115027788
38 14816.2674969929 15529.100306234 14185.9395971561 14779.0795046267 13705.7350506203 13912.7746165415 13733.906696872 16063.3548367448 15613.0628101682 13451.9142876397 15004.0546906237 15678.6593155087 14330.8011442227 14920.6529965096 13682.1966411225 13884.9805530667 13711.6418230234 16311.2556210576 15885.6426685829 13451.0472286585 15656.7983535456 15896.7844958287 14871.8015272836 15537.7315907429 13655.3345151643 14032.1234285668 13746.5737717765 16761.2970431316 16435.1825989114 13498.2834273709
39 14781.440958655 15488.6297200196 14207.0163389585 14716.542494816 13666.6751569063 13886.1915287536 13704.0458761916 16021.2180095517 15633.9530539995 13445.2400181192 14968.4634380848 15670.8688558818 14345.7492800334 14864.9840315042 13637.7647774145 13853.1576687418 13680.6248569175 16246.9261684209 15947.349670626 13436.4568660701 15617.9915723463 15932.1954815015 14854.1466038436 15507.7797329112 13614.2261015138 13986.0622410597 13715.6179473448 16675.3860434795 16620.058778177 13471.6601109678
40 14789.6512482107 15388.6444867659 14202.0649453117 14688.0841735573 13625.4462158747 13833.9380906515 13657.6693634503 16005.5878854896 15631.4170171791 13431.1602816562 14966.8232130149 15570.791820879 14326.6291821628 14831.9700525786 13593.8537914439 13801.4265383911 13640.1070576506 16220.1970124045 15900.5838819299 13419.6872629907 15620.4404991167 15855.4086460749 14813.039368349 15451.619551759 13570.4750582287 13930.7797364858 13691.1028974584 16614.607469383 16528.5946083087 13447.9381595544
41 14805.6338053398 15292.1438144401 14153.5547320006 14692.9976262451 13622.2394570565 13829.4754221882 13616.1285110696 15960.2833060734 15663.7909036953 13454.914044931 14977.3187572034 15476.3928210749 14281.8034105173 14821.2165115601 13592.1352992105 13788.1876492704 13607.5617543156 16159.3615333492 15912.4279986731 13440.6524633961 15626.1250753459 15752.0207164123 14804.972848226 15410.9585708805 13563.5601796151 13901.6196724407 13668.526651996 16534.6333329111 16542.5412445357 13460.3265316292
42 14789.3012024033 15287.7416211233 14161.7726681242 14638.7930825116 13620.0349328532 13846.7429707055 13603.4936851604 15979.1610344024 15914.7325041167 13480.1492705238 14969.98835673 15454.3217521207 14269.7986860975 14761.5393966141 13589.011249491 13807.8867777129 13589.4874304954 16159.2839500777 16232.3564444458 13460.8953790634 15661.5583095971 15716.6844600264 14773.7830456598 15343.9739998372 13523.0256130868 13940.3666958694 13664.3467050078 16496.171280766 16534.0002327507 13469.8583449832
43 14751.7170858877 15289.0321131327 14141.938490333 14682.3985134609 13580.194556923 13804.9940964919 13597.90048765 16047.082190149 15844.5505804318 13494.8870096995 14934.8799486141 15429.8350319537 14260.0089205238 14808.766518335 13547.9055127203 13762.9428224405 13624.2473496795 16222.7501873052 16168.447892295 13468.7247667617 15638.3853503888 15658.5822177715 14830.0025506199 15394.4848279918 13488.9641675792 13887.1561963889 13800.5247684963 16526.5879709617 16525.145426791 13471.9151992864
44 14947.5445360415 15334.8061091089 14108.1197817011 14654.9801958568 13609.2465974152 13761.5977894174 13871.9659949318 16002.4954154006 15918.6764270676 13492.3186491799 15225.3505828637 15455.7393669252 14221.8187411463 14770.9933132023 13576.596435775 13716.5427106526 14033.7506593485 16152.4844582414 16241.3164615977 13456.3110933889 16221.7143416134 15651.0964181976 14795.5209406779 15334.2861480192 13513.3900241405 13838.3098612677 14668.286554766 16448.4626445523 16597.0109986334 13467.2186205952
45 14935.2200995214 15556.0223315354 14081.8630368838 14597.3150048185 13643.9153253408 13710.8673056718 13862.7286795271 15969.5896192236 15906.3397785838 13462.1982146822 15203.6462691905 15808.090783038 14192.9970862341 14711.5903974255 13610.5394901163 13669.4037173321 14016.842900449 16097.2480723209 16261.4917500654 13442.2995572091 16187.6871719029 16204.7724148581 14757.7798023105 15277.9603725496 13538.3909284132 13791.2424076233 14639.7846843585 16418.8558885358 16756.2767196951 13519.9554177737
46 14949.0215537299 15460.9992779306 14109.3467253575 14546.5021338982 13620.4087187094 13698.2106329302 13832.8564692868 15949.5831523364 15944.6824003499 13453.948948682 15227.3682496098 15707.847395242 14218.252425889 14655.9071435363 13579.4253620092 13693.0489571028 13984.0243804226 16090.8619433696 16295.4641399101 13420.3685997064 16220.0646743888 16105.3075836162 14788.2130320002 15217.9818799802 13506.2609705817 13956.0316642905 14591.6943554701 16470.971238752 16933.6172494374 13485.7460667746
47 14928.2980873283 15378.0833476578 14142.5469896445 14581.5015846989 13577.3313446324 13686.1964444537 13859.4454797883 15909.9338286469 16600.6684519028 13467.3825658722 15199.2462213083 15615.9463646132 14246.9715053181 14699.2690568699 13547.5131385112 13671.3377611434 14001.3135710874 16057.2088141331 17143.3068657403 13434.8632725803 16171.3191701671 16004.4911083153 14798.9609978915 15247.939426143 13490.0399519697 13927.5843146883 14593.166862803 16456.7354189765 17934.1881805748 13507.5986025357
48 14950.1580407408 15386.1566230103 14221.6438845111 14615.2113291326 13551.1468664118 13663.8101525502 13858.6676650633 15852.050541337 16618.7720797794 13430.6282361073 15219.2205484248 15611.4152940028 14445.7791690185 14737.6746122169 13521.035722816 13637.4640161756 13994.3663288457 16026.7947426171 17168.3216592297 13404.1590056895 16182.4275013077 15714.6472730631 15397.2676514261 15295.9161715651 13455.14064178 13878.7025315516 14587.9137896249 16495.8817529802 17973.2550076899 13495.7499040071
49 14950.4950512025 15326.068464145 14179.7590444566 14604.5056122961 13559.4536973232 13633.2363895009 13814.8050901301 15875.8960904847 16562.8116367104 13412.0088820746 15227.7847186605 15533.5051881934 14398.1771701417 14745.8007676552 13518.9562021884 13602.9481798329 13947.8403876053 16016.7406736252 17094.2918655072 13393.7130328959 16209.3495410283 15640.4977166813 15342.4289642276 15318.093926916 13436.5792892617 13875.6114627268 14543.0117163638 16434.3059620578 17857.1322202548 13499.0452346392
50 14945.2407004437 15256.8771017332 14180.3906379376 14546.7798862331 13582.3781922474 13649.9457143984 13802.198947897 15828.6689921095 16459.5976384667 13380.2332373388 15210.7385238644 15453.6336996772 14398.9240935854 14692.842207269 13536.6221456098 13610.6261326803 13921.3009028383 15967.1887086208 16991.6643453354 13372.053195446 16187.9306116678 15561.9884882429 15326.4379959434 15284.5734264208 13437.6823101584 13872.4854408568 14500.2956942663 16363.0480981347 17792.4706210138 13520.6784146884
51 14905.8133849793 15250.353092015 14152.5789888199 14583.6674904979 13590.8595847489 13683.5817711433 13799.6659030747 15760.0408403718 16365.0052277712 13490.5763186952 15167.9746609733 15505.9178586987 14359.812285238 14736.377454869 13528.7653652476 13637.4326907387 13913.9862049672 15908.6484380759 16888.3932818569 13595.3295804318 16144.4664498761 15911.6564783205 15273.4921869826 15329.5001590937 13418.0526392061 13894.2376426775 14473.5746588047 16329.3754760124 17682.4971279907 13639.6779151437
52 14914.8038183489 15188.1261009905 14109.0287598277 14603.7872782778 13655.5908093622 13698.6771151576 13830.4845795202 15679.0594790012 16283.5150061565 13492.6350445253 15215.8028432389 15432.4967009619 14324.0679774944 14754.0812165832 13688.9873450743 13659.9060002988 13946.2108678822 15858.3052480821 16794.2493701562 13606.8066053559 16236.3668402111 15837.6935592425 15286.5606363565 15358.3327871244 13915.1916182238 13930.4276785618 14504.0189032591 16353.547045481 17578.5472940378 13629.8681179994
53 14932.5188799205 15127.884191469 14067.990056469 14551.7367325827 13641.6606248839 13736.1810997611 13856.685220745 15629.5408735906 16337.7961521579 13504.7879967059 15224.2064113842 15354.5215668006 14280.2039912665 14706.37618992 13653.2376263738 13694.4188273881 13967.1336373281 15798.4912220412 16842.7954124344 13617.2650129262 16218.7877656721 15759.8542790974 15235.7744373178 15370.5900075823 13872.042692762 13961.1398800951 14521.849602868 16283.4373167082 17798.2931604829 13637.7121820519
54 14956.5228989624 15235.7040709528 14034.4950120652 14462.1881104938 13599.7609264307 13768.4916160845 13820.0327618027 15574.2133624287 16294.1118255185 13480.8707516664 15245.4937006728 15550.1053941396 14242.7901444739 14629.92357854 13609.4534188115 13728.2733359158 13924.8988585463 15737.0790667464 16815.486801539 13585.9355230235 16229.8070038616 15933.5650393426 15190.5771877785 15293.7419777256 13832.641260026 13996.8947043985 14477.8809654125 16213.4567915345 17610.8142664784 13601.4309353348
55 14916.675461072 15171.8860247018 14037.1629664654 14463.1568255962 13597.3792234074 13755.6856785008 13853.739149476 15561.4325269451 16368.5990961721 13593.5085058322 15202.0425176431 15474.3685486512 14236.533355217 14629.4602944968 13600.52182097 13731.6010571572 13952.4385713878 15791.7255345132 16889.9673432525 13779.3551775706 16179.4181342857 15855.0161824401 15171.8647580201 15283.0985182957 13802.4729132182 13944.6700939766 14499.2302592276 16424.999571283 17661.0424395029 14256.0063880648
56 14965.2771520554 15162.9217301804 13997.4167050041 14412.5487194761 13595.4311673587 13718.2001535656 13829.8840809237 16095.5432266789 16276.2488016704 13620.8304987812 15285.812686361 15467.773721114 14198.6850991228 14581.4037647671 13584.7811550226 13689.2927901031 13951.6334448853 16521.0864204666 16792.0351527902 13805.7804992102 16408.6796879778 15819.9224542832 15152.0356592633 15219.323825037 13768.1223532614 13894.6940091417 14585.7864682061 17901.7132108449 17573.4725719587 14274.8864284916
57 14924.1504044676 15135.3397622958 14010.7011184494 14386.5736292796 13966.1518856263 13757.6695291335 13853.5296289922 16089.8960119861 16329.2045995148 13647.6995692215 15244.9226501765 15421.6060288694 14208.1532566569 14551.2465845332 14268.3658485539 13725.462030145 13977.7540192024 16510.2933807577 16820.7976549138 13828.2130318187 16355.6944061161 15748.8312493185 15179.8414668268 15178.2391275513 15361.368046066 13918.2429768124 14609.7859593639 17878.4580711758 17579.9103821271 14280.3463420561
58 14931.1260379465 15068.7709811043 13978.6351262626 14404.6960984391 14675.8760228601 13723.208753328 13825.5237220194 16025.7662989793 16366.7677343988 13677.9233170358 15258.5092843613 15345.8731046055 14183.1826176468 14552.9045399997 15102.8326824881 13687.1581502129 13934.6848712148 16437.9727865813 16865.0611564219 13849.4145519544 16354.3002930722 15681.1253119772 15133.057049113 15155.4850888227 16613.1668623711 13870.0202893182 14573.4431725975 17798.5836606111 17663.7139776023 14279.5882770754
59 14896.8682711244 16689.5916101585 13972.0484703046 14387.4484115303 14680.5605913036 13723.7971798872 14069.040870053 15957.4070653112 16416.3194879926 13967.7893151243 15220.1279650584 17437.9381417736 14177.7073480199 14519.4597691298 15110.2454758903 13692.9249822856 14379.3393763791 16365.321241495 16880.1503854163 14199.4367423261 16303.0118800945 18237.398509109 15106.6796027724 15097.1131791426 16586.1282731131 13840.1778574325 15478.7316135752 17719.7578285198 17606.7339476327 15093.4486336695
60 14860.5514164642 16640.7357941035 14036.5884362262 14345.0421242034 14682.5177496009 13824.1077890064 14029.3572343424 16009.5024703106 16458.0270351032 13972.1141409044 15191.7643502328 17379.3427239464 14250.1957215098 14471.2430312441 15197.9261981202 13828.8944642313 14329.292558062 16402.2352162404 16917.2774781346 14199.9046373802 16321.5769860189 18164.6017238324 15267.2149141725 15043.4836489414 16831.8328851306 14447.8283953555 15438.073004682 17707.8465990241 17598.0990869895 15062.8651843355
61 14869.706253442 16606.9996634398 14015.1515829264 14380.4560535713 14729.7571458572 13772.9697139704 14031.779585526 16053.0391843398 16538.7362327098 13931.456278367 15189.0327689817 17325.6141321707 14218.5448957799 14490.1277980913 15225.252237565 13778.799031224 14314.2188462486 16445.5499059653 17115.898536829 14151.026510463 16290.7930816222 18154.839482676 15222.1864907332 15014.8516268888 16809.2874463097 14394.7256888881 15398.9592992481 17716.4511827767 18215.4799879797 15015.2958992204
62 14835.9320240748 16591.1112996362 14038.6807728825 14340.1034027831 14737.5002330305 13813.7324619531 14015.4917893856 15982.7944543643 16540.0611542642 13896.1919478595 15149.2985409692 17277.2071400099 14231.0805133272 14466.1575560044 15213.2215565294 13813.7788609284 14316.0074712812 16392.4801040795 17105.8538263949 14108.3161470715 16242.3963906028 18087.802978372 15220.2934447671 15028.068279538 16765.6536153112 14399.1466369882 15427.2001710084 17723.9527665446 18190.0506290856 14985.9749828287
63 14848.7644063794 16649.7271565637 14011.5843238052 14302.8165719203 14777.134744947 13856.4254914205 14053.8591949356 15983.7139097677 16441.8103169769 13893.6740638977 15152.865852621 17335.512187534 14204.6028291386 14441.9380857284 15241.1928134641 13853.5647880149 14352.7734198361 16366.9996067831 17006.6834518357 14116.9166471637 16229.6653031397 17999.4649856172 15184.2208570913 15111.6345000946 16736.5072217627 14440.1677967245 15446.8958576034 17650.0221765281 18087.2695186135 15016.3010977607
64 14820.7040002161 16702.5106845687 13973.3740532873 14266.4832046527 14793.6899896434 13890.400852633 14081.1228976851 15951.1370320052 16355.1818128843 13861.1080470786 15138.6586007045 17362.4828159953 14166.9361024071 14418.1249625496 15300.0296793357 13877.1694909154 14373.1585659866 16317.9533331664 16908.3545415316 14077.516652576 16169.0146895767 18004.212596971 15143.3281698621 15179.0559288697 16942.8339424784 14442.9789315363 15441.775471699 17628.8626550459 17996.4939373533 14969.3058817355
65 14807.8939111901 16772.5550927854 13945.3432869683 14236.2482699434 14844.3070754381 13883.4428418824 14079.7074148067 15899.7568674702 16267.6000556436 13862.8669701351 15114.2575990846 17508.7126326063 14136.7537710185 14380.5104648685 15345.3665293809 13864.1014168991 14358.2452996288 16257.3586358162 16814.452302844 14092.1065771262 16131.772197045 18225.9624719794 15138.3236311989 15124.3321755308 16868.7330650852 14417.0565230143 15435.7765107846 17554.8035619053 17890.9033158181 14997.1167387582
66 14828.4498964718 16774.7747577255 13909.5947766971 14237.6879502776 14845.9976234372 13829.4830414901 14061.5243599133 15908.9825128517 16298.3270626754 13828.4528599002 15132.8590390669 17482.4322178122 14105.9750534182 14370.7383675367 15323.8332286639 13834.2947903928 14325.7846038411 16238.4959207077 16840.3039362766 14051.4925660761 16152.384673119 18161.9573814521 15150.682267487 15151.5671143144 16817.5817416652 14485.1553391815 15387.8172750097 17511.5216519866 17882.622246546 15007.5778004349
67 14838.5718223252 16841.0651532812 13885.0078063373 14251.3169926139 14778.8421683764 13780.5361875121 14011.8774677703 15882.0119220809 16322.7573344436 13859.4393309264 15134.6875524269 17546.5424426183 14092.8633007631 14365.821835913 15267.5349283326 13799.3762481992 14290.1562232975 16190.7356767923 16835.2512162593 14080.8680013174 16164.6076717963 18186.3822221513 15182.3612744344 15142.6068042043 16807.0369261718 14528.5338458822 15422.9413082531 17459.7293137431 17851.6558071303 15027.8145536706
68 14822.2220570145 16891.4108260096 13875.389964081 14218.7934249404 14771.7014562502 13820.4479514055 14031.9944742659 15847.5822075876 16235.5873617917 13848.9005091177 15155.3006336461 17547.8397898356 14074.9748748216 14325.7377829105 15230.6446290655 13822.1538424774 14293.5972080799 16137.5824225042 16744.6826245382 14183.6728130508 16289.4003880639 18164.2678936559 15143.1432959555 15088.6319559743 16750.2064007982 14514.7839503879 15396.1780511052 17389.74231233 17762.8009001662 15565.0923607966
69 14789.069700757 16846.2665167702 13843.348569222 14250.9561845163 14709.456217035 13796.7386980993 14036.9113920243 15803.1907803368 16229.9064748059 13842.6865665771 15116.7331447287 17487.2171509499 14041.9626988204 14357.9813535461 15168.9072422963 13783.3293017796 14282.8840033684 16083.043404977 16702.4322625341 14163.5155278017 16262.4906110221 18167.4021037757 15111.2591310173 15122.7111969415 16725.0578437581 14461.0355055607 15356.334823428 17333.5475483985 17674.8057760167 15572.1794194867
70 14778.5351668448 16782.0584171974 13860.774241996 14207.5902899689 14716.2266321623 13789.5029298288 13992.4745457202 15768.6807062336 16300.5595263884 13865.5162811231 15111.3039321277 17414.6079682601 14058.0744826025 14317.0927734802 15155.9579523877 13772.4454573945 14243.6124067305 16036.4660158522 16770.5109522125 14180.6396270753 16286.4163828465 18099.2587880546 15140.0766677047 15072.9547533695 16674.8064819556 14415.6055350373 15307.4213517281 17267.3527242716 17540.7565678098 15573.3298167842
71 14748.3376916584 16818.034890792 13831.849894148 14194.5537166479 14883.6567331021 13831.627764913 14002.1962094403 15811.6687330888 16292.8030900697 13840.7881042187 15075.1451138468 17416.2127060349 14027.1167567129 14296.5556575054 15401.2612922918 13809.8598230563 14257.9919831155 16079.8457411531 16738.5389962503 14158.3174943331 16317.4456748273 18055.4483248401 15133.1288782903 15023.8860368408 16797.0323247061 14454.9916994309 15314.8730167362 17244.0712149486 17585.7050893014 15523.1230530937
72 14763.5311624729 16886.0298097484 13846.0193302712 14173.620426388 14856.0764981445 13779.0256300936 13970.9508389465 15777.6124013933 16288.7275136478 13803.7373787726 15100.6140530978 17473.5386359995 14048.9994655529 14289.4207955256 15354.7777013997 13766.1779029696 14260.2791765886 16157.6014941466 16693.886064891 14150.5353097991 16373.8747919817 18066.099630286 15163.8219067765 15150.2225747692 16742.0594626771 14476.320026441 15440.5249117309 17596.9453851305 17499.472212958 15653.0385095246
73 14774.8784927262 16803.75611101 13840.0625144096 14203.0176096905 14801.7891960145 13729.3392610574 13966.9389112832 15585.6967911543 16246.4517414109 13809.5000609148 15099.9663941855 17410.5997999212 14031.9258971403 14316.1177232599 15294.0355268399 13718.5415998971 14238.5271387467 15988.6373595327 16708.0067634817 14135.6376145782 16350.9596787217 18079.2894994136 15126.7410405958 15166.5753322271 16697.4610132399 14446.067735063 15399.2302499832 17502.9638848652 17563.2535088283 15598.718471741
74 14745.8089121387 16825.8143054406 14032.6373663291 14163.1666601217 15431.1843155189 13708.8780228258 13972.5916033402 15540.3931377584 16293.7011456665 13773.4168601169 15080.3932470497 17403.0076550281 14935.5230944094 14279.9998033008 16187.1076756652 13728.3594200046 14247.3289998571 15934.2744206084 16730.9179515964 14091.5023665638 16389.9236482592 18030.2597645869 17217.4887271329 15179.3475037773 17838.2819460464 14468.4840693512 15400.2653312916 17437.7305174193 17577.1748650734 15571.4157924761
75 14755.3193352793 16748.6366430301 14046.0718193637 14162.9428410548 15402.4216246227 13693.997488518 14007.3844634995 15501.3887589884 16330.0517376404 13742.5817345043 15098.0556333745 17366.6063945995 14939.7724628727 14267.0680291056 16147.0497297022 13687.1695684349 14286.8303219003 15885.2128791426 16733.6870159747 14056.3633060258 16416.2683894094 18111.020474624 17227.0861201687 15165.2135849884 17776.2768495085 14442.5043600967 15475.7589050589 17373.9816986439 17549.5080061736 15518.6827863323
76 14737.4323417945 16696.624402051 14038.9693266451 14179.8386386725 15343.6118449156 13731.1684641779 13971.6373762826 15463.5992204552 16378.9196161856 13704.3984025466 15076.196457234 17333.457972947 14941.416973678 14333.5471683922 16112.5308907656 13718.3701783994 14272.9455304284 15837.3090178452 16790.2844842649 14019.5701331552 16375.5441339468 18238.1768503102 17320.6439960968 15141.4635013717 17826.0072777171 14460.2302736364 15595.2137195717 17312.395150664 17572.3286483922 15521.6207282666
77 14757.7254307882 16654.7558759084 14025.0457499195 14177.2678756076 15311.3969617413 13965.7906053362 14002.8439057661 15438.7784486999 16316.5863847118 13731.7445324696 15094.3215395026 17336.7504448511 14912.0589962009 14329.1588321254 16058.0544694903 14219.8101691952 14290.0130797761 15856.0446174146 16781.7223565047 14033.4767237701 16388.004596629 18467.5070101234 17270.3253324057 15118.9512975299 17781.9594072371 15461.5228329346 15578.9474976588 17257.2151179781 17751.7857035468 15510.9534977978
78 14730.7042468073 16711.5090054602 13991.5157019262 14158.7618265162 15312.159870903 14006.512805408 13960.8852594369 15475.0746448871 16364.0781999081 13760.6856275737 15077.3387192646 17394.9355341234 14879.1626352166 14298.0851562892 16010.5962921274 14244.4897572582 14244.4855911361 15887.7817370212 16769.2238688111 14064.0781482664 16417.4731909894 18517.2541919704 17222.6462254987 15074.9416617955 17723.6208226271 15459.6475961991 15538.2850807522 17299.5736128517 17701.0449651062 15547.7367809691
79 14715.3053804728 16777.3956881573 13960.5217850175 14133.6085253394 15178.7686220842 14023.2668507946 13963.9817243403 15477.1036240953 16296.1018478683 13726.3562016247 15050.2461233243 17427.5145113162 14842.8537367608 14303.8636084861 15952.3862680311 14239.0363513062 14236.8454262646 15853.5633600441 16685.282410199 14038.9953222444 16369.9106943888 18543.979259283 17188.4665502267 15250.0175591409 17671.7516625953 15424.4499410118 15495.5302113488 17240.7386513676 17619.3436219336 15576.2559383994
80 14731.9733499208 16834.9379488638 13928.7833937325 14160.0678749594 15212.290310688 14676.7942139688 13939.1326672386 15483.1336206356 16321.6953841016 13702.9257155019 15060.0595502959 17464.3114435509 14835.7468614324 14334.8448882972 15968.4934643238 15296.8928253515 14202.5601989541 15907.6046427151 16694.6231508231 14003.2540179449 16383.4141675327 18536.6815302684 17356.6127750587 15289.4464264138 17643.3143493888 16935.7020167742 15486.510418151 17493.6585502957 17564.060343774 15524.928378166
81 14699.7026528019 16841.6050914708 13950.2924355496 14197.8350927174 15244.841032399 14676.1817060866 13969.1672719934 15458.0410733627 16269.0244458503 13701.9041990929 15025.1179918852 17412.7498103252 14855.0047482557 14417.1533015625 15987.0578919286 15277.4892749274 14225.4485645543 15875.1204101142 16687.1660864911 13986.7165233273 16336.7486848008 18469.9396815571 17364.8553806628 15615.3793914657 17616.5216779561 16887.0801879861 15493.8298980025 17431.6501756107 17594.1085827044 15482.4487350115
82 14675.7361868484 16906.8933426313 13941.1421374211 14164.7016784989 15184.3060312509 14691.7471063646 13991.0170431352 15444.7136288118 16340.3732450162 13727.1448247211 14994.1643135686 17475.2068433492 14865.718889462 14424.315574198 15926.4564519086 15267.8985947914 14318.8509510283 15847.2741736861 16755.9389361989 14010.1003988526 16301.7227755676 18523.1172827758 17474.4591938498 15864.6478868516 17583.2587693757 16841.0850645226 15735.5069097166 17379.3687040418 17658.8238345749 15488.9986534881
83 14648.661622984 16820.6418299743 13913.620364168 14182.260319859 15136.9701774693 14660.4713066723 13988.6318058531 15422.490146243 16492.0337864639 14804.7118131944 14978.8117361181 17419.2790967941 14849.9230338354 14457.0743474464 15868.9256912038 15216.2432758426 14373.0159575496 15863.219300087 17089.1225841896 15566.3576260751 16314.7654880954 18614.180288315 17498.4356171836 15916.3179269971 17535.5182944459 16780.1027871391 16225.4163883317 17493.446068542 18041.1786188563 17773.1791666408
84 14624.4858054055 16808.6669041563 13884.3466745287 14169.8112582378 15122.9791615803 14600.4281847509 13951.8252422121 15416.2149176792 16444.3828642873 14813.1213187274 14965.788888713 17379.7637885589 14815.8237610358 14430.5352778585 15858.5007649657 15184.8130741851 14342.0995755001 15918.1758329432 17008.4445994763 15554.5365021467 16338.5451969686 18538.6034712192 17456.0048907415 15852.3139933838 17393.8176713803 16886.6847572464 16265.4147997823 17791.2620359979 17970.7195210627 17718.9876071848
85 14628.5285464192 16831.0095641973 13891.9820379391 14129.8948693998 15152.1378947019 15128.3681306427 13915.2127994786 15373.6115185028 16396.1395646158 14840.7184289239 14955.6118919582 17370.9875689318 14833.7900049268 14391.1243398132 15874.8087635798 15674.3020176783 14295.586826842 15870.7846969452 17158.2990233278 15561.5971403247 16305.1968120535 18492.1091068248 17486.6279322594 15888.4557378687 17361.3360441143 17862.8362236989 16243.3104483994 17726.9319156197 18781.0146455369 17682.3338753896
86 14620.3163674583 16839.5025872756 13870.906805531 14149.7232828218 15127.847386079 15074.2078059018 13921.2641855915 15381.8069051302 16384.126768235 14827.9851471256 14944.5319796355 17336.85964245 14836.8619334243 14421.2251920871 15823.9152040372 15610.9355434151 14298.9521950972 15867.724479626 17094.2451553159 15595.10758857 16271.7689543961 18420.6539186499 17556.4102423242 15930.1468597267 17315.1299637761 17813.6829094566 16212.7442889675 17681.8700627817 18681.8467046278 17863.2210647118
87 14603.333844007 16838.2301526544 13887.696804773 14146.7680276469 15078.0945017536 15070.9851277006 13940.8239166424 15311.0637275966 16359.4151932456 14856.0509146942 14917.6186343594 17304.9009328309 14854.4278138712 14393.1424130861 15793.6853951604 15612.3270079348 14302.4078977474 15884.453432342 17036.0579562537 15604.9195252574 16237.3603639323 18363.5959270599 17560.3299904661 15872.1637159713 17357.67919865 17769.2382425046 16202.7299220408 17727.902839657 18586.332456343 17842.8084109183
88 14581.98622934 16903.270129317 13876.2623974583 14177.1715289 15089.4930626561 15007.1942951332 13896.4053324566 15406.2714663037 16404.6393855385 14816.6868951783 14888.0209087152 17364.091849851 14829.4193624152 14415.7982595391 15772.4427391549 15570.9673384376 14258.4773483155 16218.6328839195 17090.1500449371 15585.6299457571 16297.5894460961 18408.7378001932 17507.947103287 15875.6904809932 17310.5645397157 17842.8303306873 16162.4572211003 18673.5951085794 18659.3530343499 17907.9153704033
89 14587.3133221424 16943.7376001028 13895.7699816449 14195.4260426604 15076.7291058171 14944.454448846 13854.6744221344 15406.6419579233 16404.8487478425 14773.8660618863 14886.707029577 17381.8748418483 14844.3522936438 14427.6588380772 15738.3712639946 15519.3544111217 14230.6314341429 16203.6915144086 17030.7288692807 15555.9946441202 16266.4297615902 18373.8720793934 17494.0838508364 15856.4914304214 17264.7141966301 17774.0673728211 16162.3164108861 18624.7749968615 18562.7111938661 17922.5980141425
90 14574.8510413412 16906.2596753195 13910.4549425602 14227.5998167096 15118.0065409971 14969.3954255669 13954.909132986 15367.7648323072 16322.7756889427 14792.2243180686 14867.6402912032 17308.3405830015 14869.0263524463 14460.1372462331 15764.531634518 15527.2585394174 14439.2050199101 16170.6112968718 17028.5964569582 15617.9897445147 16225.5225985026 18359.6198879819 17507.7758687662 15740.9941120547 17259.4447649496 17784.8550102359 16497.9825628731 18652.2622422728 18621.842335527 18172.0772985777
91 14567.3493366323 16833.4282426816 13878.5432722311 14260.8823906723 15095.6206305189 14919.0350031724 13920.1412172467 15334.9585774974 16242.6804992304 14765.7538388168 14853.1018337554 17270.7538730053 14835.8081132193 14493.9546963916 15723.8348530437 15507.6040032724 14393.76847724 16123.0754856135 16968.5259915122 15679.8497976474 16203.3338549678 18440.6496723701 17481.8246173268 15758.7498171561 17250.0340043362 17716.2564315669 16444.4878232538 18581.4309995632 18694.5148875349 18232.2945160561
92 14572.9399573879 16885.1883929629 13901.1680995954 14250.0108330291 15040.6798796394 15074.4501706801 13892.8511834008 15312.352782764 16165.2173859095 14795.4187558013 14850.3368549924 17277.3338249988 14860.672066613 14476.8436184507 15679.9832866751 15866.3032220856 14353.6482839461 16139.966155139 16901.19762145 15693.4301840758 16171.7742920828 18459.9374696933 17507.5330291725 15803.382863777 17271.2743783836 18121.6486305212 16401.4909640608 18679.6439435809 18757.3916404515 18266.0707830367
93 14564.4241185658 16931.6150813313 13879.6400817601 14282.4834544107 14987.5256433131 15132.1008936131 13919.56457698 15309.0785044236 16154.0214615164 14785.0277389374 14831.3650748993 17291.8654164131 14825.0567653111 14502.8872798155 15630.8887248121 16039.5419040001 14378.047636164 16154.6458687454 16849.6282193265 15731.3129672135 16133.7480453792 18435.7909337289 17482.2151115459 15842.9088979986 17256.0554661526 18160.6462005162 16387.1650789184 18813.6361378939 18659.0870077851 18283.8655629559
94 14569.4271951729 17006.1106764865 13860.4568926638 14241.1426858214 14941.7769718551 15138.532376435 13940.5033055134 15266.5680647502 16210.183946002 14751.1231891779 14826.2123364197 17526.5862008223 14797.5742121475 14471.3204042818 15610.6168950649 16012.5121336866 14375.7522905142 16102.9193605596 16912.6128083999 15695.9841316666 16158.9404527647 18920.8434553135 17434.0526565889 15831.2229697821 17306.6045438857 18087.2599357048 16361.5575209417 18741.19548702 18678.1227757193 18224.900643269
95 14585.4505625655 16926.3663091154 13865.7873866301 14205.0902651671 14925.408791026 15178.6223281767 13953.6622206271 15291.5558378854 16232.4043959804 14782.5208829071 14844.452315487 17452.4202924378 14792.6152591257 14426.6342025251 15575.9116263041 16065.2767283311 14375.88758428 16123.6009264607 16921.8275912409 15723.8176986265 16183.4939228623 18878.6905141783 17394.02907244 15779.0006987549 17249.409710664 18065.4352366773 16320.9211930284 18720.9296868174 18664.2379911057 18207.7265649851
96 14556.219101732 16995.9993396061 14000.7865506741 14164.1925377845 14931.1652535938 15210.7959806842 13933.5626721521 15252.4411276273 16296.0292066753 14769.6628302144 14815.2951509762 17513.86174537 15045.7357723178 14388.2017469393 15558.3851803393 16067.6828871956 14341.7765321066 16098.8076014435 16991.1900282425 15754.4637179384 16149.1360543659 18083.7569233954 17685.0207539338 15719.5636009976 17210.3650766791 18027.4998521895 16264.8723371107 18787.5535564697 18689.8178203997 18530.4908741084
97 14532.61098364 16925.27481375 13997.3397850765 14157.4800060586 14885.3192367888 15265.9154132569 13893.8310798394 15222.114456525 16244.843821563 14738.3137623803 14798.4083796451 17449.7500449415 15020.4097236712 14370.7133439565 15525.0902511442 16114.2545678231 14361.6472366145 16085.9822133144 16921.7612058077 15714.1090178161 16187.2165189786 18073.0106359311 17661.7883881146 15675.6501667403 17230.2562416757 17998.5150253594 16512.8108034459 18896.8882935197 18605.5185916376 18524.020421339
98 14525.6300350863 17017.0152624736 13964.5497372717 14118.0114472803 14873.3576978457 15210.6031147362 13872.7461828805 15197.0877154904 16217.2487014486 14769.4731691935 14790.4149900353 17629.9955008479 14985.7942613309 14331.7870740088 15479.7583662324 16046.5308669454 14339.1016809755 16061.7819100889 16856.0257502278 15735.6343509634 16150.0911844187 18315.1218537261 17658.4608640595 15623.2285695486 17253.0568540915 17983.3077959718 16455.2629353615 18971.2894700795 18580.0318203667 18552.2962977363
99 14506.6863902672 16998.0756683971 13938.3435146199 14147.6084069108 14903.9334323816 15183.9086906475 13977.8400514728 15167.6173311257 16175.6518440214 14784.6871155789 14799.0919687733 17577.5135646192 14950.1523861829 14361.2405988979 15496.4216270394 16082.0283468165 14571.3003528358 16027.4138199601 16791.9541829149 15707.788164506 16248.0045642567 18273.033039756 17636.1053442041 15648.1889441094 17229.7959718477 18156.6198962852 17085.4977711975 18981.4239942566 18492.5941511958 18496.4429743684
100 14490.7900241235 16928.5665925719 13981.5513861473 14146.1113819774 14868.7497136011 15119.2681282077 13958.2077574474 15141.0121359793 16185.8413892952 14794.0835175902 14803.9163130733 17575.1604852613 15104.6349137364 14328.6569437619 15491.1419582064 16034.4402271483 14597.3108416153 15984.4233342445 16772.584406529 15697.0197372074 16405.8567726496 18300.8624170075 17941.336520839 15602.78388799 17189.9324010103 18142.0150832758 17275.7571765409 18986.9356690101 18458.250941721 18481.3350365488
